DBRep_DrawableShape

CASCADE Topology V3, (c) Open Cascade
Locations 0
Curve2ds 112
8 -0.1904221094215004 0.313728992008243
1 -0.075684589112792175 0.013374067999709378 -0.79557917231393505 0.60584963528937963 
8 -0.1904221094215004 0.313728992008243
1 0.059929338437263391 0.2436703450565158 -0.99940248567753409 -0.034564022068709677 
1 -0.013620189664428156 0.38218503870905329 -0.38154169982695485 -0.9243516275169088 
1 0.25023766792107027 0.18152827306563424 -0.79598079793100451 0.60532187249852587 
1 0.067105013449478002 0.033189938843533134 -0.1567053564099381 0.98764539753518543 
1 0.028283983532929984 0.27786192966147288 -0.4031663017781788 -0.91512673062833583 
1 -0.11483600755795714 -0.046998875809866045 0.54054405137819339 -0.84131571274976746 
1 0.029875755716322082 -0.27223173139667978 0.12099901254916418 0.99265262754003081 
1 0.26184464140041813 -0.12588466551816282 -0.50968202743217728 0.86036284840329158 
1 0.057892697160462823 0.21839405383893112 -0.95865865506427728 -0.28455857581586086 
1 -0.28936527255082517 0.11531749704810343 0.67834263393731553 -0.73474571858772009 
1 0.045591601626720886 -0.247490495404012 0.871638402195964 0.49014946273281496 
1 -0.12234055339536347 0.064524895137727342 0.13006535635793665 -0.99150542261526897 
1 -0.088956421741071073 -0.18996675806961144 0.93652458214864587 0.35060192103196502 
1 0.17660875983966334 -0.090548478404390675 -0.52833438552027001 0.84903638148015703 
1 -0.024401759314283577 0.23247657637006747 -0.50374430240636359 -0.86385281025943672 
1 -0.18553566542173064 -0.20060761601138596 0.96350751161752424 0.26768129381151473 
1 -0.33562804429211052 -0.0070624467986929521 0.61281364019052187 -0.79022746244131614 
1 0.40504415191678483 -0.036532953698948878 -0.9077896325749516 0.4194257776882992 
1 -0.18661699759206038 0.23683207367727124 -0.52135930572890021 -0.85333725708530939 
1 0.3469431600967634 -0.023409651285580969 -0.554941906993347 0.83188910310364539 
1 0.089390193713231772 -0.21406198071071963 0.80374768030401522 0.5949703071632354 
1 0.17029392875112201 0.24139747316507923 -0.90289116908510703 -0.42986920893235503 
1 -0.39816544854926317 -0.029247750974068284 0.93507424648297977 -0.35445190585506486 
8 -0.17661911580339823 0.1784506205766668
1 -0.10746827732336588 -0.025834887872511553 0.99913732769648445 -0.041528308459747712 
8 -0.17661911580339823 0.1784506205766668
1 -0.049073330553194926 -0.22036439164914645 0.75876408961502306 -0.65136553202536385 
8 -0.13518929566118842 0.25353116958499389
1 0.082790429852322905 0.15504735961733046 -0.74319171240069926 0.66907852948582691 
8 -0.13518929566118842 0.25353116958499389
1 0.042424630185511486 0.036666689484852771 -0.99998293515337611 0.0058420374903769582 
1 0.075089740558116166 0.17905299165230579 -0.80041569912647215 -0.59944533411469725 
1 0.17761161886210425 -0.035590768635716433 -0.43099754849747701 0.90235309784427797 
1 -0.041598653624168695 -0.38468496034282545 0.80305114837926772 0.59591010487047413 
1 -0.34438240134435133 -0.013366308552930736 0.63195866345175467 -0.7750020952799237 
1 0.38414604949895481 -0.068757922322666365 -0.67954276355681875 0.73363589913359717 
1 -0.062459953485054821 0.4133989250885125 -0.5511927002345216 -0.83437797622431087 
1 -0.15544680381476966 0.01490893491878267 0.58480695343935463 -0.81117250151184284 
1 -0.031925752049280005 -0.15642432293786601 0.76772487527861499 0.64077961568579511 
1 0.16961644041259458 0.011792355704108198 -0.79718133597923535 0.60373994200016434 
1 -0.0096517395316078457 0.14755991030828039 -0.73966222149589733 -0.67297830432470418 
1 0.3619322137099043 0.090711228425191123 -0.99198958641946544 0.12631967556694437 
1 0.065436182397987236 -0.23685540759042553 0.67107039363187293 0.74139363821843207 
1 0.05143574220232533 0.13024976197682592 -0.98988392249224755 -0.14187959681138881 
1 -0.3833203368041922 0.067936377751487059 0.82723722293115487 -0.5618528072343778 
8 -0.27454074454754196 0.11260396416184912
1 -0.051662488844901391 0.079904957538039528 -0.7764934542024422 0.63012531736215749 
8 -0.27454074454754196 0.11260396416184912
1 0.087504825186750096 -0.10430411995543269 -0.99958710673501505 0.028733535270162563 
1 0.025064096957714044 -0.37258301469323213 0.37647155941226879 0.9264281758202817 
1 -0.25361219600488183 -0.19923765179229708 0.84912933391638201 -0.52818498112188084 
8 -0.14540100856890947 0.24065274699104539
1 0.10423028361115348 0.11007251219694784 -0.79325984598857346 0.6088832537869513 
8 -0.14540100856890947 0.24065274699104539
1 -0.013184824568668308 0.057499468951515538 -0.99906348230946973 0.043268444803065111 
1 -0.18308557316437069 -0.30290698282765316 0.99088363281916947 -0.13472054858515525 
1 -0.032558412217820271 0.42590283814976732 -0.20226917247150775 -0.97932996577644438 
1 0.064737240647708069 -0.33660097506132336 0.53368707343582911 0.8456820369663175 
1 -0.17207239518322606 0.096878055210426403 -0.34485928025868479 -0.93865439689987185 
1 0.28736551033685076 0.057100438874115436 -0.99627298926445396 0.086256193180950735 
1 -0.13949535138068458 -0.15285003554012366 0.89733422878218783 0.44135165328327047 
8 -0.22109465091480832 0.30603235133959916
1 0.040046141128489351 0.058970568367869902 -0.63332512539793695 0.77388583495221541 
8 -0.22109465091480832 0.30603235133959916
1 -0.017372178863076959 -0.032383291646610177 0.9957695252348181 0.091886084983663588 
1 -0.36130737740394714 0.053183657258812307 0.43148090978033077 -0.90212206740282008 
1 -0.28109919347039425 -0.11451222701472369 0.98625079152301187 0.16525548771593782 
1 0.40725376755188902 0.00082771012112720023 -0.98671256772452243 0.16247556337640387 
1 -0.22420067007964806 0.10480521973906258 -0.93586484843390427 -0.35235917111065185 
1 0.1080968056811922 -0.18380860604782534 0.99528258942904857 0.097018385780263269 
1 0.37233631866506811 -0.15805100586337431 -0.66436520803566801 0.74740810160963855 
1 -0.077730085941400143 0.34827183133001521 -0.45097869492687914 -0.89253471457532063 
1 -0.33074673075778088 -0.1524749698034811 0.99746069118561687 -0.071219165535068962 
1 -0.10796118162763663 -0.082063199860328812 0.99845412780524101 -0.0555819635194311 
1 0.23664196558501685 -0.10124657446278325 -0.63597966746896684 0.77170581348468681 
1 0.022371826315301047 0.15875153646531767 -0.89127893825938753 -0.45345546001257847 
1 -0.24942186364757968 0.020471221044281642 0.80967727784481547 -0.58687537496627828 
1 0.014099295795689939 -0.15257654224739897 0.81328329700774804 0.58186792213371485 
1 -0.211102212928959 -0.035281174164562286 0.8869093797554759 -0.4619434511947943 
1 0.28844190986973345 -0.10671743720376359 -0.3259018118387757 0.94540362229060837 
1 0.18947717436273062 0.18036786281180558 -0.94308276441196681 -0.33255811442375449 
1 -0.35495625457639413 -0.011615027120603218 0.9475905868411616 -0.3194872137191454 
1 -0.018563038827896231 -0.12503250161428558 0.99822524338350904 0.05955135155422045 
1 -0.21113403492868776 0.022929928840386332 0.80716236357973581 -0.59032950021185138 
1 -0.013857832283127744 -0.1213507851351248 0.87283052680332907 0.48802343333104725 
1 0.21449887533769368 0.0063296992831274462 -0.9145466946527534 0.40448033734623418 
1 -0.0043480000466882586 0.10312000917130017 -0.93234954486509347 -0.36155819198277506 
1 -0.10871763150521357 -0.11117166381611784 0.98229964998195674 0.18731630373602154 
1 0.27041577832685409 -0.038874102726809086 -0.8694207031222505 0.4940725057948599 
1 -0.040811701250809303 0.13798957230984696 -0.88559113903967068 -0.46446564399793722 
1 -0.25522394828411032 0.02553686359444745 0.73113168897000935 -0.6822363618159486 
1 0.1074594174884593 -0.32464353391681983 0.6979809569824551 0.71611631994380376 
1 0.33394251861828311 -0.092275812006855654 -0.4669832607360429 0.88426615574290346 
1 0.073275264319583519 0.40131625063681176 -0.66824322439438344 -0.74394286948057897 
1 -0.38911649695198863 -0.11345597771807626 0.92023563437786893 -0.39136476236518958 
1 -0.23753149443647345 -0.081291635583673708 0.80771831743610401 -0.5895685877641289 
1 -0.055251639894912087 -0.31306546517785033 0.86142705540053732 0.5078813131273483 
1 -0.30438268827474724 0.028210410400941396 0.58961097715417321 -0.80768737492875375 
1 0.32676194519961249 -0.087837385778741034 -0.62817442912845511 0.77807254583948626 
1 -0.020867741377969828 0.34274543119468215 -0.66953003810682921 -0.74278498104947444 
1 -0.1037782775871217 0.11921832436313552 0.42550043703573948 -0.90495821897057482 
1 -0.015103504150372784 -0.069375994354801018 0.85661096560079164 -0.51596284130979753 
1 0.093901510798531762 -0.13503303061583874 -0.34019184582761375 0.94035605386066456 
1 0.010044602682417744 0.096763681069555033 -0.98109105182693779 0.19354675927308351 
1 0.15611537026945499 -0.11378078772268854 -0.021077203201654286 0.99977785107752637 
1 0.14699492847303419 0.31883902491865712 -0.70820987003839075 -0.70600196882176303 
1 -0.29581739921935868 -0.12259279973584851 0.95707128669843256 -0.28985263872769379 
1 0.11939866311556367 -0.24834254584417773 0.26323782520073236 0.96473097150635156 
1 0.034945600222958589 -0.12217116285790917 0.80567632154136781 0.5923560288437778 
1 -0.20766509961382951 -0.0595972905219233 0.96831144229264832 -0.24974577218670085 
1 0.21520850539646241 0.010363225706638623 -0.86613842124075391 0.49980419691172484 
1 -0.028265397563541468 0.15085956619176172 -0.64872131107164921 -0.76102605774144183 
1 -0.079819174951186789 -0.26863071836479635 0.90461597768105029 0.42622756002417034 
1 0.31977099855700664 -0.080355970995606804 -0.5075846201982317 0.86160191117372575 
1 0.075710948435711051 0.33392491392076429 -0.70585448070514623 -0.70835686773579631 
1 -0.34457876040213242 -0.087854801066024862 0.82585255929276291 -0.5638861146628753 
1 0.21957106527510981 -0.091250861259230251 -0.43822618980410871 0.89886473207584094 
1 0.10411235610772568 -0.12600317424735488 0.11132973764148642 0.99378352246184776 
1 0.11343397166195882 -0.042793888599412036 -0.12865433541102672 0.9916894987746655 
1 0.086267668317500296 0.16660859800282021 -0.78495900570160693 -0.61954770548194626 
1 -0.18742489410047011 -0.049409815470846288 0.96717812642968448 -0.25409933442645083 
Curves 126
1 0.5509865100300172 0.9212185137172797 0.63094766716475104 -0.7948319519673559 0.60584716119411897 0.034516451219528219 
1 0.49698752517062617 0.97168056944534309 0.49262361283040579 -0.33248107348250328 0.1933408851860039 0.92307943205956811 
1 0.70014988259296962 0.80298919895058962 0.69300421232867293 -0.61288049880485584 0.50889176816339132 -0.60448876125222417 
1 0.24032760858941421 0.90419884991803368 0.27081858415329685 -0.1101136997817225 0.1115888728952428 -0.98763500169159157 
1 0.21304885225727307 0.93184305476376772 0.026149168725020877 -0.29425737610173608 0.27563253320332975 0.91511709810801634 
1 0.10859043680845568 1.029689837896262 0.35100655474831516 0.3879655171105178 -0.37641138350970998 0.84130685715586229 
1 0.21245463423609479 0.92891885561402399 0.57623703955960082 0.090590105173013774 -0.080342624633117796 -0.99264217899090113 
1 1.1789676989889213 0.071504851097456718 0.15556035983432759 -0.45090051753919186 0.24698309760318687 -0.85772260829549296 
1 0.99853748512748097 0.17033643675167057 -0.18766185355578385 -0.76003945909365922 0.58469021769923146 0.2836853361515943 
1 0.72322597766747332 0.3821306315213121 -0.084901613142305543 0.58112083261615188 -0.3546203071077062 0.73249096628309784 
1 1.010175975904716 0.20702368166143464 0.27679301160119751 0.68033886583505543 -0.54622777586786353 -0.48864531564798341 
1 1.0776533002313797 0.010640198275107357 0.097728812255844566 -0.27625913272835184 -0.056106815668026735 -0.95944406654050074 
1 1.0067453235344692 -0.0037608488093280792 -0.14853358942605607 -0.52005974483979145 0.78386046411444787 0.33926484432586496 
1 0.85927481052951671 0.21851419922937015 -0.05233010293491594 0.4987214218813632 -0.27618853918904429 0.82158190959712174 
1 1.0490187580616261 0.11343528866009006 0.26024960170229539 0.14728063180037346 -0.52872246981021076 -0.83591923378653854 
1 0.44127736033332782 0.70723770353863291 0.63656330662752003 0.96247218443397031 0.26768020068711251 -0.044660993618687111 
1 0.29131563246332909 0.90078208237503787 0.64284887069244134 0.61228020394451999 -0.7902242354062472 -0.02566339093473663 
1 1.0312225761440126 0.87131169582286372 0.60918844848116127 -0.90690162379662453 0.41942406488817802 0.040160908203414412 
1 0.44014019541122024 1.1446756068641399 0.63536372991233525 -0.5207068370582314 -0.8533337723301152 0.026188983211792156 
1 0.67703593602264922 0.32952613125570618 0.80590709021968709 -0.47627454201373898 0.29783170882578835 -0.82732027283725729 
1 0.49554344622980767 0.5133525940675383 0.99551233520798776 0.56638511958107296 -0.57366876855723081 -0.59170266206868127 
1 0.52542811780604259 0.42433198709651426 0.54255431683629241 -0.65260433253539074 0.62557511396258469 0.42750831798543548 
1 0.11454908254810325 0.81819345336617499 0.81171312639579585 0.73070227611503336 -0.58464883204536744 0.35250521537744262 
1 0.33392023390017012 0.62745470297139339 0.80831900712941529 0.75763930302853066 -0.65136547152060065 0.041300230231658262 
1 0.22674097098327922 0.39626073190044592 0.058095342284528104 -0.74316876856810954 0.66907852164123593 -0.0058406594951004457 
1 0.24894489898732852 0.37210378436207375 -0.084257374399752338 -0.58607396849096227 0.54530000146511182 0.59930393946594707 
1 0.32824812454181435 0.30696189386385775 0.13033575661923547 -0.33338733514596852 0.27385369419368166 -0.90214025458392177 
1 0.10235652570624873 -0.14347158173163477 0.057017988034372448 0.8030247415385865 0.59591009788374416 0.0065130420751661226 
1 -0.20041799536524782 0.22784706570474567 0.054653562842675293 0.63193940594333264 -0.77500208619343525 0.0049349378730772367 
1 0.52808722900810434 0.17245545258444733 0.06047093517269149 -0.67952193391801263 0.73363589053210532 -0.0053217898764115375 
1 0.081494915584531064 0.65461229434259294 0.056973372645522886 -0.55117405441561351 -0.83437796644167173 -0.0045355105241574817 
1 0.82943566696235693 0.1407989412201324 0.53473660079956931 -0.36654420927958492 0.45618836713485739 -0.81088687024420136 
1 0.75201537299613741 0.23715358710845696 0.36346367306449096 -0.51540884402347575 0.56924890674832851 0.64055398341452596 
1 0.61671087553403059 0.38659211178951214 0.53162111899940301 0.50972615633441265 -0.61313455350550083 0.60352735219388054 
1 0.73133684103506469 0.24871192003512901 0.6673408669303289 0.49768485557642039 -0.5474750056251293 -0.67274133420330451 
1 0.2955806442220455 -0.045942592813097455 0.19392793580978773 -0.77413579599696314 0.62034354299012362 -0.12604625352071733 
1 0.079378118802126529 0.15809262086397249 0.52078554578102043 0.48933914290784147 -0.4618004178713313 -0.73978887344436506 
1 0.053273228483581819 0.14822726930831392 0.15447498438698587 -0.76136003573819411 0.63268327357316589 0.14157249493273111 
1 -0.28111537641104073 0.426101162420091 0.21665348975876725 0.66453327161701048 -0.49404662027612006 0.56063666300709936 
1 0.090975936444124605 0.13739252372437097 0.38852116866992281 -0.77596990403965171 0.63011797485862375 -0.028671340825998235 
1 0.52892764082533816 0.60254480855309922 0.11257084396109873 0.63716589033377113 0.77007368217589478 -0.031719902509808849 
1 0.81926466250904295 0.95344384874314014 0.09811705388459116 -0.5238486584538693 0.85142693917439316 0.025588088717324587 
1 0.56335078007981976 1.3693883588465994 0.11061750992645882 -0.24363733585808262 -0.96978774685853353 0.012352109901738096 
1 0.46436690960879257 0.97538739679639053 0.11563586904720428 0.17061354006040733 -0.98530473039577782 -0.0080998893671205118 
1 0.50365658274986091 0.91673497625372669 1.2463528705403379 0.32852052170028379 -0.19017351803174692 -0.9251531223863444 
1 0.28785494560859359 1.09329314014069 1.0732460847962648 0.65754965539327059 -0.53797441649964461 0.5274580342397468 
1 0.48698567841567353 0.9578915761234984 0.81686231421598077 -0.79208222023713026 0.60888319722832884 -0.043208893959764794 
1 0.20011131709864419 0.54491211946019436 0.80093956136176003 0.98939784402250486 -0.13472053607108367 0.054242818919549816 
1 0.35039507089757016 1.2737218727391206 0.80950216641996253 -0.20194209686592232 -0.97932987480735723 -0.011505903841087866 
1 0.44756253090833686 0.51121813035632901 0.81450584459473285 0.53286514293323983 0.84568195841166749 0.029610212152983238 
1 0.40978710141841868 0.10050437550580901 0.6992460519898962 0.11573719570530586 -0.3523675400272841 -0.92867756420912428 
1 0.11139736371560943 0.44990416077447815 0.65989122664496058 0.64704638510507806 -0.75765966267831997 0.085339387580562087 
1 0.36103585590344112 0.10230832841614505 0.4521722878880326 -0.5247826257961048 0.73070563766880547 0.43666058528515006 
1 0.29636546714605627 0.20737339327950466 0.57135860678956374 -0.62681571423833926 0.77384593692834813 0.090909440012396675 
1 0.82477275546745177 0.020262207605050098 0.67500670925172779 -0.3407909973460207 0.27116267351916701 -0.90018459252413463 
1 0.76142296089150041 0.070668761175663591 0.50767098307073721 -0.67346823776380571 0.7205888803358419 0.16490057082876275 
1 0.2913763362360331 0.57360320109933993 0.62276320624549053 0.68930947400449738 -0.70609305983153903 0.16212661689364199 
1 0.73250533418259789 0.12173341591997883 0.72651740482813221 0.62980023312713174 -0.69262356921342094 -0.35160241427366767 
1 0.78452241831587588 -0.12180079723109669 0.12485902981308125 0.9906756970759989 0.097018327083895781 -0.095650966711403884 
1 1.0475388384770015 -0.096043212630058578 0.099464468380275173 -0.66120408842394873 0.74740764942585647 0.064737616817200916 
1 0.59961389721173375 0.41027931823674058 0.1433202062956547 -0.44898104383916232 -0.89253417458957263 0.042411902371931438 
1 0.34771801260290525 -0.090467179943681225 0.167114938417459 0.99282588954337114 -0.0712191224472946 -0.096044727342270417 
1 0.28040778075293349 0.31302328806258983 0.42567206365554161 0.9980077817826899 -0.055581074111525394 -0.029853169041228186 
1 0.62485687757926112 0.29384022042743108 0.41536863987332728 -0.63557213035388926 0.77169346485200219 0.023178943507645062 
1 0.4107240430676562 0.55383417093440457 0.42317793898704514 -0.89096469963512948 -0.45344820393802676 0.02380399860235816 
1 0.13902617953076812 0.41555606823846769 0.43043691969250336 0.80922464376897085 -0.58686598394147238 -0.027272565141356574 
1 0.20844292098294886 0.41826979327222819 0.24729393611778169 0.59589130116794209 -0.55362711333431147 -0.5817306735711073 
1 0.039391720415991649 0.56707806188576648 0.13002623517392539 0.66577305050420366 -0.58605046638425995 0.46183448991291098 
1 0.74272431966798702 -0.015395991224540967 0.83376949118931942 -0.18250212643917338 0.293154685272005 -0.93848457864168011 
1 0.68730494482433524 0.073624612026768718 0.54878525750662588 -0.76024732852860288 0.55950154506869854 0.33012425014055202 
1 0.24842081340802741 0.39661995896052571 0.73936309888202645 0.71443161275572076 -0.62370183257511647 0.31714901030541048 
1 0.50204294830959262 0.17520675789910195 0.8519505147234353 0.78257442272937838 -0.61974400230566495 -0.059115518232831191 
1 1.0456843060410055 0.28766577536664728 0.37349875910380459 -0.51449688915935876 0.62320385952761059 -0.58899057761158846 
1 0.91993761969134469 0.43998121576505117 0.22954528730178225 -0.61237978051265307 0.6228188157840806 0.48691655047306653 
1 0.75972206100369533 0.60292791601124729 0.3569361804220581 0.59609551756501833 -0.69412325200012948 0.4035629380550918 
1 0.90236501429682647 0.43682737054970355 0.45350696082144665 0.64619294288574125 -0.67253451355955052 -0.36073814413766103 
1 0.81043010553367933 0.16353252432090781 0.99167023176489666 0.9809580214937329 0.18731446370266844 -0.051328858889349578 
1 1.1890456935549814 0.23582937522150849 0.97185908218964678 -0.8680779457204747 0.49406765245389916 0.048351162885845331 
1 0.87829888231238074 0.41269131290239502 0.989167400827068 -0.88445116290542047 -0.4644610814891792 0.044967145975162957 
1 0.66416263718756086 0.30023970882514261 1.0000544867363335 0.72993972904702109 -0.68222966011601416 -0.041841161751905886 
1 0.5104430647220457 0.050763636329466955 0.30027551931889418 0.69798076469863057 0.71611631991798741 0.00051812916690226717 
1 0.73692610345899701 0.28313135823105418 0.3004436435339346 -0.46698314058168533 0.88426615571102551 -0.00033507687259196588 
1 0.47625891622973893 0.77672342085692736 0.30025660563407525 -0.6682430399394842 -0.74394286945375943 -0.00049654943691682812 
1 0.013867282591972174 0.26195119252059712 0.2999130176105641 0.92023538918530545 -0.39136476235108064 0.00067177440513618478 
1 -0.21099697047347285 -0.092656603170019586 0.95161319303689151 0.98559046257512739 0.1439504838643263 -0.088823973544156429 
1 0.47924141993289959 0.0081562131605334015 0.88940711570896347 -0.91039107336028613 0.40488842005819592 0.085167252208135064 
1 -0.1221634167451929 0.27562572298247856 0.94566864869555189 -0.67782577696676805 -0.73297775346033101 0.057409311192901713 
1 -0.28548166157060328 0.099018924806547531 0.95950109393334959 0.36194440808730943 -0.93141133428119771 -0.038329777286676109 
1 0.59330114538869672 0.76001902594654047 0.29300050228848884 0.9938138483656267 0.023912194473190786 -0.10845386923563036 
1 1.2168437374776451 0.77502210901775048 0.22495394924792267 -0.86335549676282042 0.49529823933935213 0.096420642586333122 
1 0.63203230177259562 1.1105224626221517 0.29026643597435825 -0.22654548616435874 -0.97378297173234085 0.020588022311169081 
1 0.58073261606279691 0.89001592662707696 0.29492845370788773 0.096224078328443777 -0.99525024998446598 -0.014760306761697562 
1 0.10542217143228365 0.53640401660894721 0.82085203512063964 -0.25542742689015474 0.30477045116872437 -0.91753572229460745 
1 0.059958921500199915 0.5906497777712999 0.65754084973946414 -0.48633178060684357 0.33899601587705031 0.80533415449194967 
1 -0.077511523892167852 0.68647311308923142 0.88518306709476635 0.59944876675458925 -0.56525742351328001 0.56669676300428129 
1 0.053082666617070492 0.56332775063780494 1.0086419999230458 0.26595571393625433 -0.1368091068258136 -0.95422786928185055 
1 0.43175563471490763 0.033620103871980084 0.52297010313264292 -0.58265920068423427 0.56592125543855942 -0.58330214169061145 
1 0.2013961847249271 -0.16464345978522543 0.58012067028210268 0.85465279567628638 0.50785512908334896 -0.10794334952391889 
1 -0.045125145128869115 0.17661482116602029 0.61625268002724654 0.58343463462183176 -0.80764573425165809 -0.08551254334183872 
1 0.58040561615676078 0.060573007881401436 0.53225146803192469 -0.62170399052067893 0.77803243196790184 0.090275594580017812 
1 0.23635664926616329 0.49113362596871957 0.58220968854242416 -0.66472868041168809 -0.74274668644377972 0.080393664022242975 
1 0.79516998783853376 0.49529793169091096 1.099132918598861 -0.26817422104961186 0.33351966202537492 -0.90379600696557272 
1 0.73928217616243541 0.56480380734367108 0.91078080618028101 -0.58670709722338876 0.6246923089272739 -0.51530020496290918 
1 0.66462282848690202 0.64429682950609979 0.84520809137647279 0.20663336377470673 -0.27441386743095214 0.93914838142688484 
1 0.71555772070227752 0.5766541192260729 1.0767071131626056 0.6862142542700993 -0.70124589548681437 0.19329819269570908 
1 0.32245432550342823 0.70351595205615858 0.27598863206898439 0.011960425015560536 0.049492863241901011 -0.99870286107608885 
1 0.32762979205708909 0.72493230289821642 -0.15616601526337592 -0.57795090228918555 0.41061572039320354 0.70524285512799545 
1 -0.033737360762624957 0.98167216296899851 0.28479116915249225 0.74550424195592901 -0.60032445032696147 0.28954098080469948 
1 0.28969239844240485 0.72122724329325094 0.41040570550437 0.23488431009845609 -0.1269798450936214 -0.96369366492136488 
1 0.17755161281364867 -0.064681241989759372 0.39108339378386359 0.80488741712195777 0.59234912644497695 0.035759728167541402 
1 -0.064869029064586053 -0.0021080987926702793 0.38147738960951588 0.9675528801348795 -0.24974286203666518 0.038339627077409656 
1 0.35763800764578485 0.067851602224498805 0.39908431464419547 -0.86551439369154515 0.49979837296848556 -0.032960896389687404 
1 0.11433952055376986 0.20834630558308842 0.38981891561298587 -0.64803009110394405 -0.76101718992362188 -0.030163515454403843 
1 0.90027822119663703 0.26112644986404471 0.74245735846857785 0.89262166064730375 0.42621617905041614 -0.14685482511280792 
1 1.2945702225048288 0.44939616998919996 0.67758812500912602 -0.50213306662957435 0.86157890499191758 0.074459209437838375 
1 1.0531314228790385 0.8636659929276036 0.71339007342177452 -0.69605908223864055 -0.70833795344757011 0.11729918046947188 
1 0.63867422666522145 0.4418975401498233 0.78323398566439684 0.81600946774789529 -0.56387105798031145 -0.12719268264314965 
1 0.84493599491965909 0.44623518406740437 0.14951156482040945 0.72356394047318051 0.68757535801332736 -0.060789399567425205 
1 0.9580369294453045 0.5537107106908804 0.14000951874576334 -0.30185604766115759 0.95280494027056462 0.032336856470455047 
1 0.85581122707214496 0.87638489594725955 0.15096062570832125 -0.30602032987934891 -0.95177097992377524 0.021989985799708293 
1 0.73469245143034545 0.49968660330372028 0.15966396955966372 0.89674061411279771 -0.43478336230929288 -0.082581468015703333 
1 0.60215789624071669 0.75656822136806889 0.82309638879914748 -0.43758891178259046 0.89886464858109771 -0.023628114950371145 
1 0.87674984783801313 0.57571740019665341 0.45839975368840297 0.10801190239280797 0.99377414070761927 0.027320069588480753 
1 0.8857936617435973 0.65892590031228482 0.46068725737801747 -0.1267493651762058 0.99168013678894296 -0.022474535049520839 
1 0.85902960678894991 0.86832641006279865 0.45594159502058229 -0.76732353272247833 -0.61954185667868655 -0.16547653596030287 
1 0.59148602508723547 0.65231003589811465 0.39824470025530195 0.94636595985328587 -0.25409693561679936 0.19956507044350455 
Polygon3D 0
PolygonOnTriangulations 0
Surfaces 30
1 0.62659425208637465 0.90784450033296715 0.6275377065830765 0.045559182040809498 0.0028578559717098084 0.99895755344810189 0.99896163288646 2.7105054312137617e-20 -0.045559368090631276 -0.0001302021121651359 0.99999591632128426 -0.0028548884680535511 
1 0.49562464342932172 0.94748473658753762 0.8742826460068942 0.60681365414014721 0.79311188433208057 0.052447383922349558 0.79420495747548148 -0.60764996957242468 -3.4694469519536134e-18 0.031869651244568989 0.041653972317749886 -0.99862368884365138 
1 0.19172773856058173 0.95047150548434223 0.3040081736432928 0.69118854897739257 0.72265990486524212 0.0045882090935145305 0.72266751158161979 -0.69119582442635574 4.3368086899420177e-19 0.0031713509670322788 0.0033157496482263049 -0.99998947411326 
1 0.96195073823053001 0.21834955290155791 0.03006200312003127 0.58934893520694298 0.80407695281621827 -0.078282095783313341 0.8065520609689586 -0.5911630679827059 6.9388939039072284e-18 -0.046277483911379542 -0.063138585691000781 -0.99693124812083811 
1 0.98807656698806168 0.095540882601936758 0.035290396517534989 0.75247125886166655 0.60840820983228872 -0.25224284884969206 -0.62873914201948755 0.77761628795479765 1.387778780781446e-17 0.19614814778564063 0.15859495236630666 0.96766396295624824 
1 0.41333476107755623 0.55499730375352885 0.78262600742108368 0.65161567027228207 0.75129418501131684 -0.10466167313676007 0.75544316542934664 -0.65521418162772438 6.9388939039072253e-18 -0.068575812512090648 -0.079065945653565659 -0.99450788542686486 
1 0.38291461842230823 0.84781907415108804 0.81110308298257838 -0.054800374198232277 -0.00043101996171460556 0.99849723745713304 0.99849733020665943 3.3881317890172021e-21 0.054800379288590634 -2.3620057382914204e-05 0.99999990711089204 0.0004303722810378102 
1 0.14395337817219508 0.24121337410096352 0.057409546845926925 -0.007996742100143792 -0.00015313046388619621 0.99996801382186462 0.99996802554595932 0 0.0079967421939013544 -1.2245448417304327e-06 0.99999998827553049 0.00015312556762321646 
1 0.19574827834268815 0.42524238849687757 0.094753382984603535 0.66902638137967851 0.74292126436927264 -0.021718562705077209 0.74309654286204885 -0.6691842257454006 1.7347234759768071e-18 -0.014533719568100024 -0.016138988862075501 -0.99976412419831595 
1 0.7279788260899146 0.25857149645012889 0.51983291563712342 0.75570680420866854 0.65437230006150249 0.026535240434943996 -0.65460279977291069 0.75597299854523037 -1.7347234759768067e-18 -0.020059925278723252 -0.017370042681361685 0.99964787851275894 
1 0.018817459533659157 0.18736546548808225 0.28444281754883938 0.63047577323269843 0.773418344311539 -0.065759896966378406 0.77509605880430998 -0.63184341385031928 0 -0.041549957793681785 -0.0509702369660174 -0.9978354753920966 
1 0.14261107970261216 0.057488497274825939 0.39024556149968448 -0.040837902634223336 -0.0048275007529893239 0.99915412271827098 0.99916576544704472 -2.7105054312137611e-20 0.040838378501372605 -0.00019714730296623923 0.99998834755035027 0.0048234734850567621 
1 0.28886994354143997 0.22373749304612731 0.60339770073806376 0.76037997056512752 0.63299094724057892 -0.14541238281126695 -0.63979120280695001 0.76854877321536086 1.3877787807814457e-17 0.11175650841992167 0.093033563301845146 0.98937113305632163 
1 0.25658712553333157 0.14840586516516821 0.57602074358923183 0.13123578123815124 -0.010154221772494003 0.99129917860503003 0.9913502881042211 -2.1684043449710089e-19 -0.13124254750528816 0.0013326659333557757 0.99994844456111587 0.010066390679636083 
1 0.57266520585158198 0.27909988031121824 0.62193727378575137 0.72149964081371687 0.68930944356232426 -0.065503887834818642 -0.69079305008218017 0.72305253056618135 0 0.047362751860888917 0.045249630469655383 0.99785231406181729 
1 0.67694653140682215 0.062007697612059549 0.13546038986479003 0.096211000920148865 -0.0011000021207410733 0.99536035348876417 0.99536095568464644 -1.3552527156068802e-20 -0.096211059128081672 0.00010583236907963465 0.99999939499748425 0.0010948991621559725 
1 0.38833544002790799 0.39508517476926047 0.42294211433030188 0.029584132424968167 -0.0056571384915526709 0.99954628501773213 0.99956227974943235 0 -0.029584605830019851 0.00016736421239841885 0.99998399826401596 0.0056546622474746523 
1 0.52597107078104921 0.17534690420557789 0.72783307765492322 0.62187649379891363 0.77374799624850599 0.12076284512130263 0.77945250784214648 -0.62646132204517524 0 0.075653251608627986 0.094128902483952059 -0.99268138656781946 
1 0.90456445704445099 0.44471720408891596 0.35062083748978218 0.73724539144809897 0.67226348235307765 0.067313023131134422 -0.67379170505148478 0.73892133424594864 0 -0.049739028864186255 -0.045354956627697104 0.99773190633403497 
1 0.91902053524313199 0.27470309608275562 0.98638962712076772 0.05309727654662983 -0.0044324004391765202 0.99857950762554593 0.99858931690328889 0 -0.053097798133473005 0.00023535070376611196 0.99999017686492653 0.0044261477267991192 
1 0.40298367412804625 0.37540717023458325 0.3001994422250514 -0.0007336138082071229 -8.4912191535268439e-06 0.9999997308693036 0.99999973090535399 0 0.00073361380823356995 -6.2292756197646586e-09 0.99999999996394962 8.4912168685852311e-06 
1 0.72612385412076164 0.57300922815635835 0.98006770292614509 0.7067908370830791 0.70560599421099979 0.050664519625740846 -0.70651334913506814 0.70769971562375922 0 -0.035855266131351156 -0.035795159443101549 0.99871572854896651 
1 0.20274903677423656 0.8038677217896959 0.16233018473323854 0.6155308004995399 0.78674807405468816 0.046360560907247536 0.78759491884328481 -0.61619334937358716 0 0.028567069304275047 0.036513342205272782 -0.99892477113762956 
1 0.97877074307869472 0.52974999534880696 0.72783277782962452 0.15893576705700152 0.0073077056458361262 0.98726187984151215 0.98728824205415278 -2.1684043449710093e-19 -0.15894001101554273 -0.0011614868158475375 0.99997329836260829 -0.0072148118605267564 
1 0.77478890083112695 0.70171938491853714 0.43733680645122158 -0.20745224046488372 -0.0043452033218010049 0.97823549676659782 0.9782447318277977 1.0842021724855044e-19 0.20745419892390823 -0.00090143067428573244 0.99999055955948513 0.0042506722582724785 
1 0.60246607174435174 0.98141904510528577 0.10881406636975761 0.049323315400774448 0.00033004528946046808 0.99878281003828995 0.99878286443694675 0 -0.049323318087166404 -1.6278928795229572e-05 0.99999994553505189 -0.00032964357960124749 
1 0.061780032786842118 0.060814957672428983 0.92768906701872611 0.090594352626905239 -0.0057776823030606479 0.99587111699221242 0.99588773930038377 0 -0.09059586475756376 0.00052343412454025206 0.99998330905430866 0.0057539229671909045 
1 0.84726823028502951 0.87518626533249555 0.26575099608978359 0.10858483842173101 -0.0042445827630717995 0.99407812388267258 0.99408707889940273 5.421010862427521e-20 -0.10858581659338708 0.00046090148542636642 0.99999099171800909 0.0042194848800888004 
1 0.028758804404979906 0.59996199267292405 0.84075174672794795 0.64756114036858559 0.75863110535166733 0.071717609256334927 0.76058964125568451 -0.64923293016801686 0 0.046561433602135223 0.054547670695991146 -0.99742497688926746 
1 0.84828145622083906 0.64197709480048737 0.15031424803024454 0.089005879445386002 -0.005605598210933975 0.99601532653511471 0.99603097566490872 0 -0.089007277882260177 0.00049893903765690082 0.99998428851092336 0.0055833494552220342 
Triangulations 0

TShapes 347
Ve
1.5e-07
0.633594693308855 0.858251828486509 0.627360316000244
0 0

0101101
*
Ve
1.50000000124127e-07
0.445515290553084 1.00161216013476 0.63552787080796
0 0

0101101
*
Ve
1e-07
0.496987525170626 0.971680569445343 0.492623612830406
0 0

0101101
*
Ve
1e-07
0.240327608589414 0.904198849918034 0.270818584153297
0 0

0101101
*
Ve
1e-07
0.213048852257273 0.931843054763768 0.0261491687250209
0 0

0101101
*
Ve
1e-07
0.108590436808456 1.02968983789626 0.351006554748315
0 0

0101101
*
Ve
1e-07
0.212454634236095 0.928918855614024 0.576237039559601
0 0

0101101
*
Ve
1e-07
1.17896769898892 0.0715048510974567 0.155560359834328
0 0

0101101
*
Ve
1e-07
0.998537485127481 0.170336436751671 -0.187661853555784
0 0

0101101
*
Ve
1e-07
0.723225977667473 0.382130631521312 -0.0849016131423055
0 0

0101101
*
Ve
1e-07
1.01017597590472 0.207023681661435 0.276793011601198
0 0

0101101
*
Ve
1e-07
1.07765330023138 0.0106401982751074 0.0977288122558446
0 0

0101101
*
Ve
1e-07
1.00674532353447 -0.00376084880932808 -0.148533589426056
0 0

0101101
*
Ve
1e-07
0.859274810529517 0.21851419922937 -0.0523301029349159
0 0

0101101
*
Ve
1e-07
1.04901875806163 0.11343528866009 0.260249601702295
0 0

0101101
*
Ve
1e-07
0.441277360333328 0.707237703538633 0.63656330662752
0 0

0101101
*
Ve
1e-07
1.03122257614401 0.871311695822864 0.609188448481161
0 0

0101101
*
Ve
1e-07
0.291315632463329 0.900782082375038 0.642848870692441
0 0

0101101
*
Ve
1e-07
0.44014019541122 1.14467560686414 0.635363729912335
0 0

0101101
*
Ve
1e-07
0.677035936022649 0.329526131255706 0.805907090219687
0 0

0101101
*
Ve
1e-07
0.525428117806043 0.424331987096514 0.542554316836292
0 0

0101101
*
Ve
1e-07
0.495543446229808 0.513352594067538 0.995512335207988
0 0

0101101
*
Ve
1e-07
0.114549082548103 0.818193453366175 0.811713126395796
0 0

0101101
*
Ve
1.50000000192296e-07
0.234718462578038 0.712741472407226 0.80291134681056
0 0

0101101
*
Ve
1.50000000055511e-07
0.455137738707472 0.523240340200425 0.81492678319995
0 0

0101101
*
Ve
1.50000000062063e-07
0.301769476292818 0.328712197117183 0.0586850010141108
0 0

0101101
*
Ve
1.50000000046547e-07
0.110627107193216 0.500798618330192 0.0571827884074796
0 0

0101101
*
Ve
1e-07
0.248944898987329 0.372103784362074 -0.0842573743997523
0 0

0101101
*
Ve
1e-07
0.102356525706249 -0.143471581731635 0.0570179880343724
0 0

0101101
*
Ve
1e-07
0.528087229008104 0.172455452584447 0.0604709351726915
0 0

0101101
*
Ve
1e-07
-0.200417995365248 0.227847065704746 0.0546535628426753
0 0

0101101
*
Ve
1e-07
0.0814949155845311 0.654612294342593 0.0569733726455229
0 0

0101101
*
Ve
1e-07
0.829435666962357 0.140798941220132 0.534736600799569
0 0

0101101
*
Ve
1e-07
0.752015372996137 0.237153587108457 0.363463673064491
0 0

0101101
*
Ve
1e-07
0.616710875534031 0.386592111789512 0.531621118999403
0 0

0101101
*
Ve
1e-07
0.731336841035065 0.248711920035129 0.667340866930329
0 0

0101101
*
Ve
1e-07
0.295580644222045 -0.0459425928130975 0.193927935809788
0 0

0101101
*
Ve
1e-07
0.0532732284835818 0.148227269308314 0.154474984386986
0 0

0101101
*
Ve
1.50000000096148e-07
0.165054919300855 0.0772374862489941 0.391258315760901
0 0

0101101
*
Ve
1e-07
-0.281115376411041 0.426101162420091 0.216653489758767
0 0

0101101
*
Ve
1e-07
0.0793781188021265 0.158092620863972 0.52078554578102
0 0

0101101
*
Ve
1.50000000111886e-07
0.0690685762115743 0.155182158853735 0.387711712802427
0 0

0101101
*
Ve
1e-07
0.528927640825338 0.602544808553099 0.112570843961099
0 0

0101101
*
Ve
1e-07
0.819264662509043 0.95344384874314 0.0981170538845912
0 0

0101101
*
Ve
1e-07
0.56335078007982 1.3693883588466 0.110617509926459
0 0

0101101
*
Ve
1e-07
0.464366909608793 0.975387396796391 0.115635869047204
0 0

0101101
*
Ve
1e-07
0.503656582749861 0.916734976253727 1.24635287054034
0 0

0101101
*
Ve
1e-07
0.70014988259297 0.80298919895059 0.693004212328673
0 0

0101101
*
Ve
1e-07
0.287854945608594 1.09329314014069 1.07324608479626
0 0

0101101
*
Ve
1.5e-07
0.382258742024254 1.03839644069027 0.811149352892454
0 0

0101101
*
Ve
1.5e-07
0.514412852814722 0.936807974936197 0.818358494587091
0 0

0101101
*
Ve
1e-07
0.200111317098644 0.544912119460194 0.80093956136176
0 0

0101101
*
Ve
1e-07
0.447562530908337 0.511218130356329 0.814505844594733
0 0

0101101
*
Ve
1e-07
0.409787101418419 0.100504375505809 0.699246051989896
0 0

0101101
*
Ve
1.50000000027756e-07
0.428106388738334 0.044730411322266 0.552251725553786
0 0

0101101
*
Ve
1e-07
0.111397363715609 0.449904160774478 0.659891226644961
0 0

0101101
*
Ve
1.50000000100074e-07
0.201210959188042 0.324847999756468 0.585159222882333
0 0

0101101
*
Ve
1e-07
0.824772755467452 0.0202622076050501 0.675006709251728
0 0

0101101
*
Ve
1e-07
0.7614229608915 0.0706687611756636 0.507670983070737
0 0

0101101
*
Ve
1e-07
0.291376336236033 0.57360320109934 0.622763206245491
0 0

0101101
*
Ve
1e-07
0.732505334182598 0.121733415919979 0.726517404828132
0 0

0101101
*
Ve
1e-07
0.784522418315876 -0.121800797231097 0.124859029813081
0 0

0101101
*
Ve
1e-07
1.047538838477 -0.0960432126300586 0.0994644683802752
0 0

0101101
*
Ve
1e-07
0.599613897211734 0.410279318236741 0.143320206295655
0 0

0101101
*
Ve
1e-07
0.347718012602905 -0.0904671799436812 0.167114938417459
0 0

0101101
*
Ve
1e-07
0.280407780752933 0.31302328806259 0.425672063655542
0 0

0101101
*
Ve
1e-07
0.624856877579261 0.293840220427431 0.415368639873327
0 0

0101101
*
Ve
1e-07
0.410724043067656 0.553834170934405 0.423177938987045
0 0

0101101
*
Ve
1e-07
0.139026179530768 0.415556068238468 0.430436919692503
0 0

0101101
*
Ve
1e-07
0.208442920982949 0.418269793272228 0.247293936117782
0 0

0101101
*
Ve
1e-07
0.328248124541814 0.306961893863858 0.130335756619235
0 0

0101101
*
Ve
1e-07
0.0393917204159916 0.567078061885766 0.130026235173925
0 0

0101101
*
Ve
1e-07
0.742724319667987 -0.015395991224541 0.833769491189319
0 0

0101101
*
Ve
1e-07
0.687304944824335 0.0736246120267687 0.548785257506626
0 0

0101101
*
Ve
1e-07
0.248420813408027 0.396619958960526 0.739363098882026
0 0

0101101
*
Ve
1e-07
0.502042948309593 0.175206757899102 0.851950514723435
0 0

0101101
*
Ve
1e-07
1.04568430604101 0.287665775366647 0.373498759103805
0 0

0101101
*
Ve
1e-07
0.919937619691345 0.439981215765051 0.229545287301782
0 0

0101101
*
Ve
1e-07
0.759722061003695 0.602927916011247 0.356936180422058
0 0

0101101
*
Ve
1e-07
0.902365014296826 0.436827370549704 0.453506960821447
0 0

0101101
*
Ve
1e-07
0.810430105533679 0.163532524320908 0.991670231764897
0 0

0101101
*
Ve
1e-07
1.18904569355498 0.235829375221508 0.971859082189647
0 0

0101101
*
Ve
1e-07
0.878298882312381 0.412691312902395 0.989167400827068
0 0

0101101
*
Ve
1e-07
