DBRep_DrawableShape

CASCADE Topology V3, (c) Open Cascade
Locations 0
Curve2ds 18
1 0.19976360712386887 -0.071719384154840221 -0.17044950747986179 0.9853664117473625 
1 0.15977470150244527 0.15945596521682961 -0.92127834069871728 -0.38890386853233833 
1 -0.26636724552084723 -0.020433482325776582 0.92618265614076178 -0.37707517481802422 
1 0.0013839067516212529 -0.12944255508423272 0.96017879177021814 0.27938626994661753 
1 -0.28495896628414086 0.015187167950769326 0.20804936948603681 -0.97811832610194083 
1 -0.020544639855941491 0.26536163612769009 -0.72639598795122906 -0.68727641359816638 
1 -0.22202971318317666 -0.28066691638516761 0.87931424011864645 0.47624202578580532 
1 0.37486912729604466 0.042617183893551958 -0.87127011680509425 0.49080381372034765 
8 -0.25579792144203284 0.22700583386883555
1 0.023910677537252331 0.042311458404134319 -0.9968795499245906 0.078937715587328289 
8 -0.25579792144203284 0.22700583386883555
1 0.031131103155651631 -0.0015875380218479118 0.61830071673402176 -0.78594161595260692 
1 -0.3826218331282174 -0.054792836395225156 0.95241471415577605 -0.30480520379345782 
1 -0.086506104598869274 -0.14955997264305271 0.96764360619716205 0.25232092934544981 
1 0.40614545315967399 -0.021097077729043245 -0.92187462402820586 0.38748829346556263 
1 -0.1106555921074073 0.1961280740131022 -0.73497158340604141 -0.67809790707951345 
1 0.064411116355410927 0.19945469371362134 -0.81540249992484837 -0.57889443175444999 
1 0.21836069631541033 -0.0098838514594601027 -0.59245084476266563 0.80560660159907083 
1 0.072660483754067917 -0.18000086992338954 0.65049695547050546 0.75950886164916043 
1 -0.25325451152564943 -0.026071795544230666 0.90422210888149823 -0.42706249871640073 
Curves 65
1 0.62976410814762807 0.093528732879955723 0.49634575376385892 -0.19695619067147122 0.033639141772793271 -0.97983502034626879 
1 0.58355650897784395 0.10142076193552134 0.26646811590783909 -0.66668353068790098 0.63716570653362192 0.38672074204395196 
1 0.27517867649755773 0.39614497584983149 0.44534774727300919 0.72370396250431634 -0.5793606269579985 0.37495844914654969 
1 0.48439504281572854 0.22865698153164812 0.55374489350290823 0.70360169538130746 -0.65403505641426329 -0.2778179246156397 
1 0.10343842749854183 0.70546695806279214 0.71017873848429514 -0.16919465690220559 0.15819417857268694 -0.97280407582485884 
1 0.046300324417785012 0.75889013020992635 0.38165666468152259 -0.28900765502629677 0.29468119175044877 0.91084442720188841 
1 -0.084815176586554478 0.89257957206709904 0.79488386241342934 0.47470212040251675 -0.46267365623838774 0.74872624149842437 
1 0.077930152471124295 0.73395804249190366 1.0515747287686454 0.074253169275755537 -0.082935961474884565 -0.99378473179393456 
1 0.96953528669060551 0.23438824820809839 0.0599199478404785 0.24188326800461404 0.97027488330487277 -0.0076899601509679283 
1 1.0429049556721233 0.5286985888795388 0.057587377111581219 -0.19910547149839172 0.97994530448700412 0.0080132036836819409 
1 0.95882623469998784 0.94251216820441752 0.060971211375616619 -0.26947886083468031 -0.96296719534625752 0.0086789544419683378 
1 0.83376645955784201 0.495618261401293 0.064998941371281663 0.46109487077580341 -0.88718317540072689 -0.017249157374444778 
1 0.0071731474572488685 0.59210544580887037 -0.0027016199749855356 0.66014049468358471 0.74809939885174559 0.067541222350274321 
1 0.23481748980229225 0.85008173575296109 0.020589448012713348 0.59821246891738 0.79899180403145775 0.061269397926935656 
1 0.45776267323153086 1.147854489688743 0.043423671418555201 -0.9764393582144042 -0.19152644097833046 -0.099417313059730908 
1 0.11930944937732987 1.081467631296454 0.0089636613534960323 -0.22329847769082731 -0.9744732899851879 -0.023229226556281676 
1 0.20834269905555591 0.29034872025123171 0.015414967659543227 -0.48661792778029045 0.50010412613517041 0.71630918979543579 
1 0.073845839454178691 0.4285730449194356 0.21339644559348286 -0.410692524108908 0.42219966017378591 0.80813309398278799 
1 -0.0018441585087186629 0.5063837902886783 0.36233412681868737 0.608859155741999 -0.62548216213089447 -0.48791658439245683 
1 0.19923011679207575 0.29981980701281979 0.20120084551918646 0.048926566425359745 -0.050851420833617107 -0.99750705466028033 
1 1.090900021512893 -0.24805726103022283 0.48490761501195895 -0.098214150777773512 0.18740922440518668 -0.97735958745737339 
1 0.91983026969245951 -0.046198058061975772 0.73488801971841355 0.46996084917478503 -0.5545452742591247 -0.68674328467032519 
1 1.0611929228196399 -0.19137108819930299 0.18928302839725719 -0.55787867673883473 0.67993871170691833 0.47587259887753863 
1 0.68249197601299971 0.27018703300209246 0.51231635314758728 0.52296045316232498 -0.69713524956966466 0.49042309105067355 
1 0.89927928751203279 -0.0058113278174392038 0.51201086481326352 0.61330167570367333 -0.78590047402315844 0.078876482612000365 
1 0.82305544951274534 0.15517401800483321 0.89608562218013721 0.097430404858359521 0.99524189182064537 0.00094497322654727366 
1 0.84339267609741031 0.36291676412122131 0.89628287204944312 -0.88969934715688181 0.45521393209318195 0.03486183725626462 
1 0.4075474261429553 0.58591662429861513 0.91336096277906231 0.60002508728763138 -0.79956645979000651 -0.0257559896790302 
1 0.57819563224267656 0.35851849560126836 0.90603591333001732 0.7689344226592042 -0.63856360845477655 -0.031246945562265226 
1 1.1548502235833125 0.08537597678130121 0.22687942674605774 -0.66077119228553283 0.68592060140809408 -0.30478576083786113 
1 0.94940952628342412 0.29863588927570806 0.13211833551714444 -0.66674937794613953 0.70127565023714056 0.25230483426385569 
1 0.60995074458319465 0.65567285959706045 0.26057303602262494 0.64033762241461067 -0.66320412118259942 0.38746357630985034 
1 0.96892271751992154 0.28388197380941055 0.4777843313773884 0.50245733815062232 -0.53644991526790609 -0.67805465247843222 
1 0.51859637793434399 0.64915809074148501 0.55940778369314859 0.64791989647120041 0.76065744960210546 0.04000065151430908 
1 0.73683761725256369 0.90537313430154742 0.57288135011326402 -0.83178161196602729 0.55196106142708257 -0.058977425032684015 
1 0.46860536491797622 1.0833690848944333 0.5538623584382506 -0.4491773647483619 -0.89306694252845409 -0.025906199269598439 
1 0.32581060666237066 0.79946057085818933 0.54562670421267256 0.78739175272100959 -0.61387794584927169 0.056285836111894944 
1 0.71135326280356681 -0.082595267865841607 1.0851616223694625 -0.25561363093666351 0.020708660732099766 -0.966557201126792 
1 0.63978434510965532 -0.076797077722163307 0.8145365679839971 -0.74408523252580816 0.6597549642717222 0.10516916780041798 
1 0.45000824160144609 0.091470912175543137 0.84135956352526675 0.54283558640744167 -0.30482973829266768 0.78256524123047588 
1 0.66540730924335145 -0.029486598831267502 1.1518842003597549 0.47431371001554617 -0.54825654691795944 -0.68879696809211044 
1 0.15414120684630109 -0.0386347900779897 0.28167461193377213 -0.40013145602800615 0.60289417094322073 -0.69022709055758902 
1 0.07289974421202948 0.083774991815477831 0.1415330221089233 -0.66290990617149448 0.56924483964265249 0.4863237284360194 
1 -0.12734042270945897 0.2557224625774438 0.28843314179836504 0.59052168898268254 -0.71825565775403721 0.36795780321302513 
1 0.018202134886867366 0.078698032505037374 0.37912163091958329 0.6653587676033631 -0.57428979842207362 -0.47695800423272899 
1 0.8444243855144552 0.11321261210300898 0.81924147517346524 0.58163584103456756 0.81278867984129721 0.032776673807030171 
1 0.93630377438606405 0.24160656914105516 0.82441911476540886 -0.42683713521636618 0.90408553884323173 -0.020961833288832603 
1 0.87268865399320805 0.37635002432285031 0.82129499683305485 -0.99761563630679229 -0.043676484925035938 -0.053436007156104838 
1 0.72416015058744265 0.36984731656261921 0.81333925728564938 0.4242456088825895 -0.90530777100895254 0.020820737130151829 
1 1.0161426756612724 0.36585863495948229 0.65710218836259104 0.66237935292048866 0.74779548454225186 0.045337689871160186 
1 1.1623138849050458 0.53087913229327444 0.66710712725986698 -0.66752993824529927 0.74318635587657378 -0.045583132682227509 
1 0.93219804857990829 0.78707580607470451 0.65139337406542086 -0.79683982347085058 -0.6017257615633842 -0.054519754235586582 
1 0.48063435548550237 0.44608192108277872 0.62049740119350094 0.98671222315858742 -0.14781711883360368 0.067446927648117008 
1 0.93257569178818278 0.19522037989799301 0.51378291872059478 -0.81070483708844732 -0.57886412818814703 -0.087601302606586842 
1 1.0852645588932721 -0.014107206965359637 0.53356095970478801 -0.58759918881083584 0.8055644302605216 -0.076112692817222688 
1 0.94032553041522071 -0.18421532026097942 0.5185856558240497 0.64709855323052978 0.75946910340329687 0.066859130885376136 
1 0.6167401858587187 -0.030294303654802179 0.47965508271532753 0.89775870056825058 -0.42704014314337146 0.10800940560013818 
1 1.1172128714686496 0.86609802098633737 0.76397195702510434 -0.49185908433834163 0.42930919143267771 -0.75747492321876164 
1 1.0505841949257435 0.92425350527782602 0.66136217862404445 -0.62719247464917305 0.41354047652935311 0.66001051053397775 
1 0.80205757113553755 1.0881199778306445 0.92289303315289017 0.76479296711818978 -0.59156176644376079 0.25523791632218951 
1 1.0504058943307146 0.89602436623491022 1.0057754748851908 0.26443395783835916 -0.11845382408754063 -0.95710154816559501 
1 0.46176872114699619 0.75565425722568935 0.28527011757880105 0.97904954539588607 0.20332030335564122 -0.011083406672994942 
1 0.69891855718194262 0.80490342631025169 0.28258544437960503 -0.94729854764922916 0.32019974201420409 0.0098786049469719861 
1 0.22484674629376586 0.96514612056888283 0.2875291531479563 -0.53430383579259244 -0.84526141288971868 0.0072494783949620684 
1 0.059332922822706413 0.70330549935680731 0.28977485831969829 0.99158441461895264 0.12898507698267975 -0.011099486499889571 
Polygon3D 0
PolygonOnTriangulations 0
Surfaces 16
1 0.47434114485175077 0.21925378008909271 0.42502896906854598 0.65428180532992741 0.74881223001542319 -0.10580908937109329 0.75303944525485933 -0.65797537483575608 0 -0.069619775239975118 -0.079678417962929918 -0.99438646240104256 
1 0.91535868011587529 -0.023586310518194483 0.46973222793771374 0.78582435160439035 0.61719467357468027 0.039380494366923285 -0.61767381089125439 0.7864343986239889 3.469446951953615e-18 -0.030970175404966695 -0.02432430003039909 0.9992242874667413 
1 0.86835532476139521 -0.0042238728989363317 0.5084255649182009 -0.11464343594171975 0.010231904996218002 0.99335401077139929 0.99340601290395869 0 0.11464943753137284 0.0011730821526908374 0.99994765268995367 -0.010164435946705018 
1 0.89083965810671895 0.3623205046337164 0.28166876800841839 0.7226433960270231 0.69112875065124157 -0.011294786486922798 -0.69117283927786766 0.72268949504235303 0 0.0081626235428454274 0.0078066496452037209 0.99993621186464432 
1 0.031480249497052394 0.77681561660191967 0.72432379135700931 0.70340654101431899 0.71075562141067505 -0.0067590451542138179 0.71077185729258685 -0.70342260902024367 0 -0.0047544651768627183 -0.0048041390777850135 -0.99997715739340931 
1 0.94957791719918716 0.58454410202187135 0.060961572450154655 0.035565706418336264 -0.00094577086636386364 0.99936689260973277 0.99936733956814672 6.7762635780344027e-21 -0.035565722324798488 3.3637024015981264e-05 0.99999955275863428 0.00094517251455911568 
1 0.19316028541315056 0.91139649764267572 0.016384941436045547 -0.10118999763701438 -0.00052789339805238682 0.99486697890058717 0.99486711752112289 -6.7762635780344027e-21 0.10119001173639849 -5.3417539144488284e-05 0.99999986066427038 0.00052518378327880871 
1 0.11889273485884505 0.38231178784888042 0.20251925373279986 0.71639718789183282 0.69769254349587484 -0.00042887169514836183 -0.69769260765950325 0.71639725377564278 -2.7105054312137605e-20 0.00030724250462639102 0.00029922061133941203 0.99999990803453032 
1 0.64820380977236813 0.38615841315973187 0.90358192051014219 0.036826783521716672 -0.0045540394519148026 0.99931128720740214 0.99932164986455063 -2.7105054312137617e-20 -0.036827165408058207 0.00016771236417048924 0.99998963030857002 0.0045509502186357551 
1 0.51998211864120725 0.86664742110220017 0.55841637616164197 -0.067439502774488402 0.0049776778050549626 0.9977109482155635 0.99772330872518999 5.4210108624275222e-20 0.067440338273612413 0.00033569627498995915 0.99998761128509439 -0.0049663451694273789 
1 0.5989151044113441 -0.013194785962787075 0.95355117641516141 0.6432374901809822 0.75001145890571874 -0.15404006860484862 0.75907127688284171 -0.65100752423566688 0 -0.10028124369553477 -0.11692739156700298 -0.98806460176661215 
1 0.019859269846928884 0.10583129397556684 0.26956441349047572 0.71315359510272902 0.6778569506196569 0.17866702070800014 -0.68894230980315474 0.72481617929175268 1.3877787807814457e-17 -0.12950074731501313 -0.12309126993221771 0.98390959732656702 
1 0.83403064529303994 0.26791995060561424 0.81900442271688145 -0.053397121533541675 -0.0020573170486084852 0.99857123674703041 0.9985733500067997 0 0.053397234536985576 -0.00010985504096148621 0.99999788372104148 0.0020543819772550764 
1 0.84061206565294511 0.53489504104941299 0.64511396879208127 -0.068206725353782388 -7.1384727954519004e-05 0.99767120712223345 0.99767120966418954 0 0.068206725527565584 -4.8689185464538159e-06 0.99999999745211032 7.1218487889934055e-05 
1 0.9814160342437156 0.95999260097494865 0.85396928616048728 0.59665288098195823 0.79979216441407786 0.06586223013058326 0.80153251103050938 -0.59795119680549702 0 0.03938239933086133 0.052790718698635677 -0.99782872610595152 
1 0.3575963544716621 0.8135466080867324 0.28631935519590818 0.01098028362259407 0.0016352621651030833 0.9999383777459584 0.9999397147074226 3.3881317890172014e-21 -0.010980298303714824 -1.7955666377610414e-05 0.99999866295793183 -0.0016351635828450188 
Triangulations 0

TShapes 169
Ve
1e-07
0.629764108147628 0.0935287328799557 0.496345753763859
0 0

0101101
*
Ve
1e-07
0.583556508977844 0.101420761935521 0.266468115907839
0 0

0101101
*
Ve
1e-07
0.275178676497558 0.396144975849831 0.445347747273009
0 0

0101101
*
Ve
1e-07
0.484395042815729 0.228656981531648 0.553744893502908
0 0

0101101
*
Ve
1e-07
0.103438427498542 0.705466958062792 0.710178738484295
0 0

0101101
*
Ve
1e-07
0.046300324417785 0.758890130209926 0.381656664681523
0 0

0101101
*
Ve
1e-07
-0.0848151765865545 0.892579572067099 0.794883862413429
0 0

0101101
*
Ve
1e-07
0.0779301524711243 0.733958042491904 1.05157472876865
0 0

0101101
*
Ve
1e-07
0.969535286690606 0.234388248208098 0.0599199478404785
0 0

0101101
*
Ve
1e-07
1.04290495567212 0.528698588879539 0.0575873771115812
0 0

0101101
*
Ve
1e-07
0.958826234699988 0.942512168204418 0.0609712113756166
0 0

0101101
*
Ve
1e-07
0.833766459557842 0.495618261401293 0.0649989413712817
0 0

0101101
*
Ve
1e-07
0.00717314745724887 0.59210544580887 -0.00270161997498554
0 0

0101101
*
Ve
1e-07
0.234817489802292 0.850081735752961 0.0205894480127133
0 0

0101101
*
Ve
1e-07
0.457762673231531 1.14785448968874 0.0434236714185552
0 0

0101101
*
Ve
1e-07
0.11930944937733 1.08146763129645 0.00896366135349603
0 0

0101101
*
Ve
1e-07
0.208342699055556 0.290348720251232 0.0154149676595432
0 0

0101101
*
Ve
1e-07
0.0738458394541787 0.428573044919436 0.213396445593483
0 0

0101101
*
Ve
1e-07
-0.00184415850871866 0.506383790288678 0.362334126818687
0 0

0101101
*
Ve
1e-07
0.199230116792076 0.29981980701282 0.201200845519186
0 0

0101101
*
Ve
1e-07
1.09090002151289 -0.248057261030223 0.484907615011959
0 0

0101101
*
Ve
1e-07
1.06119292281964 -0.191371088199303 0.189283028397257
0 0

0101101
*
Ve
1e-07
0.91983026969246 -0.0461980580619758 0.734888019718414
0 0

0101101
*
Ve
1e-07
0.682491976013 0.270187033002092 0.512316353147587
0 0

0101101
*
Ve
1.5e-07
0.810448649297675 0.108018526960545 0.500586392048716
0 0

0101101
*
Ve
1.50000000124127e-07
0.991568814198212 -0.12407349086603 0.523880183837347
0 0

0101101
*
Ve
1e-07
0.823055449512745 0.155174018004833 0.896085622180137
0 0

0101101
*
Ve
1e-07
0.84339267609741 0.362916764121221 0.896282872049443
0 0

0101101
*
Ve
1e-07
0.407547426142955 0.585916624298615 0.913360962779062
0 0

0101101
*
Ve
1e-07
0.578195632242677 0.358518495601268 0.906035913330017
0 0

0101101
*
Ve
1e-07
1.15485022358331 0.0853759767813012 0.226879426746058
0 0

0101101
*
Ve
1e-07
0.949409526283424 0.298635889275708 0.132118335517144
0 0

0101101
*
Ve
1e-07
0.609950744583195 0.65567285959706 0.260573036022625
0 0

0101101
*
Ve
1e-07
0.968922717519922 0.283881973809411 0.477784331377388
0 0

0101101
*
Ve
1e-07
0.518596377934344 0.649158090741485 0.559407783693149
0 0

0101101
*
Ve
1e-07
0.736837617252564 0.905373134301547 0.572881350113264
0 0

0101101
*
Ve
1e-07
0.468605364917976 1.08336908489443 0.553862358438251
0 0

0101101
*
Ve
1e-07
0.325810606662371 0.799460570858189 0.545626704212673
0 0

0101101
*
Ve
1e-07
0.711353262803567 -0.0825952678658416 1.08516162236946
0 0

0101101
*
Ve
1e-07
0.639784345109655 -0.0767970777221633 0.814536567983997
0 0

0101101
*
Ve
1e-07
0.450008241601446 0.0914709121755431 0.841359563525267
0 0

0101101
*
Ve
1e-07
0.665407309243351 -0.0294865988312675 1.15188420035975
0 0

0101101
*
Ve
1e-07
0.154141206846301 -0.0386347900779897 0.281674611933772
0 0

0101101
*
Ve
1e-07
0.0728997442120295 0.0837749918154778 0.141533022108923
0 0

0101101
*
Ve
1e-07
-0.127340422709459 0.255722462577444 0.288433141798365
0 0

0101101
*
Ve
1e-07
0.0182021348868674 0.0786980325050374 0.379121630919583
0 0

0101101
*
Ve
1e-07
0.844424385514455 0.113212612103009 0.819241475173465
0 0

0101101
*
Ve
1e-07
0.936303774386064 0.241606569141055 0.824419114765409
0 0

0101101
*
Ve
1e-07
0.872688653993208 0.37635002432285 0.821294996833055
0 0

0101101
*
Ve
1e-07
0.724160150587443 0.369847316562619 0.813339257285649
0 0

0101101
*
Ve
1e-07
1.01614267566127 0.365858634959482 0.657102188362591
0 0

0101101
*
Ve
1e-07
1.16231388490505 0.530879132293274 0.667107127259867
0 0

0101101
*
Ve
1e-07
0.932198048579908 0.787075806074705 0.651393374065421
0 0

0101101
*
Ve
1e-07
0.480634355485502 0.446081921082779 0.620497401193501
0 0

0101101
*
Ve
1e-07
0.932575691788183 0.195220379897993 0.513782918720595
0 0

0101101
*
Ve
1e-07
1.08526455889327 -0.0141072069653596 0.533560959704788
0 0

0101101
*
Ve
1e-07
0.616740185858719 -0.0302943036548022 0.479655082715328
0 0

0101101
*
Ve
1e-07
0.940325530415221 -0.184215320260979 0.51858565582405
0 0

0101101
*
Ve
1e-07
1.11721287146865 0.866098020986337 0.763971957025104
0 0

0101101
*
Ve
1e-07
1.05058419492574 0.924253505277826 0.661362178624044
0 0

0101101
*
Ve
1e-07
0.802057571135538 1.08811997783064 0.92289303315289
0 0

0101101
*
Ve
1e-07
1.05040589433071 0.89602436623491 1.00577547488519
0 0

0101101
*
Ve
1e-07
0.461768721146996 0.755654257225689 0.285270117578801
0 0

0101101
*
Ve
1e-07
0.698918557181943 0.804903426310252 0.282585444379605
0 0

0101101
*
Ve
1e-07
0.224846746293766 0.965146120568883 0.287529153147956
0 0

0101101
*
Ve
1e-07
0.0593329228227064 0.703305499356807 0.289774858319698
0 0

0101101
*
Ed
 1e-07 1 1 0
1  1 0 0 0.234608513762636
2  1 1 0 0 0.234608513762636
0

0101000
+169 0 -168 0 *
Ed
 1e-07 1 1 0
1  2 0 0 0.462555047913204
2  2 1 0 0 0.462555047913204
0

0101000
+168 0 -167 0 *
Ed
 1e-07 1 1 0
1  3 0 0 0.28909108856361
2  3 1 0 0 0.28909108856361
0

0101000
+167 0 -166 0 *
Ed
 1e-07 1 1 0
1  4 0 0 0.206607042430617
2  4 1 0 0 0.206607042430617
0

0101000
+166 0 -169 0 *
Ed
 1e-07 1 1 0
1  5 0 0 0.337706308975127
0

0101000
+165 0 -164 0 *
Ed
 1e-07 1 1 0
1  6 0 0 0.453674837756146
0

0101000
+164 0 -163 0 *
Ed
 1e-07 1 1 0
1  7 0 0 0.342836743429082
0

0101000
+163 0 -162 0 *
Ed
 1e-07 1 1 0
1  8 0 0 0.343531128384392
0

0101000
+162 0 -165 0 *
Ed
 1e-07 1 1 0
1  9 0 0 0.30332676413202
0

0101000
+161 0 -160 0 *
Ed
 1e-07 1 1 0
1  10 0 0 0.422282322727703
0

0101000
+160 0 -159 0 *
Ed
 1e-07 1 1 0
1  11 0 0 0.46408009427822
0

0101000
+159 0 -158 0 *
Ed
 1e-07 1 1 0
1  12 0 0 0.294448790775593
0

0101000
+158 0 -161 0 *
Ed
 1e-07 1 1 0
1  13 0 0 0.344842263394487
0

0101000
+157 0 -156 0 *
Ed
 1e-07 1 1 0
1  14 0 0 0.372685617591214
0

0101000
+156 0 -155 0 *
Ed
 1e-07 1 1 0
1  15 0 0 0.346619809010079
0

0101000
+155 0 -154 0 *
Ed
 1e-07 1 1 0
1  16 0 0 0.502181219861882
0

0101000
+154 0 -157 0 *
Ed
 1e-07 1 1 0
1  17 0 0 0.276391090264358
0

0101000
+153 0 -152 0 *
Ed
 1e-07 1 1 0
1  18 0 0 0.18429845570509
0

0101000
+152 0 -151 0 *
Ed
 1e-07 1 1 0
1  19 0 0 0.330247600622431
0

0101000
+151 0 -150 0 *
Ed
 1e-07 1 1 0
1  20 0 0 0.186250189401333
0

0101000
+150 0 -153 0 *
Ed
 1e-07 1 1 0
1  21 0 0 0.302472693170972
2  5 2 0 0 0.302472693170972
0

0101000
+149 0 -148 0 *
Ed
 1e-07 1 1 0
1  22 0 0 0.364008517136733
2  6 2 0 0 0.364008517136733
0

0101000
+147 0 -149 0 *
Ed
 1e-07 1 1 0
1  23 0 0 0.678823125164766
2  7 2 0 0 0.678823125164766
0

0101000
+148 0 -146 0 *
Ed
 1e-07 1 1 0
1  24 0 0 0.453836025734418
2  8 2 0 0 0.453836025734418
0

0101000
+146 0 -147 0 *
Ed
 1.5e-07 1 1 0
1  25 0 -0.144840038326061 0.150479821501043
2  9 2 0 -0.144840038326061 0.150479821501043
2  10 3 0 -0.144840038326061 0.150479821501043
0

0101000
+145 0 -144 0 *
Ed
 1e-07 1 1 0
1  26 0 0 0.208735934272576
0

0101000
+143 0 -142 0 *
Ed
 1e-07 1 1 0
1  27 0 0 0.489879251173152
0

0101000
+142 0 -141 0 *
Ed
 1e-07 1 1 0
1  28 0 0 0.284401785383881
0

0101000
+141 0 -140 0 *
Ed
 1e-07 1 1 0
1  29 0 0 0.318440441804219
0

0101000
+140 0 -143 0 *
Ed
 1e-07 1 1 0
1  30 0 0 0.31091049322125
2  11 4 0 0 0.31091049322125
0

0101000
+139 0 -138 0 *
Ed
 1e-07 1 1 0
1  31 0 0 0.509125006979236
2  12 4 0 0 0.509125006979236
0

0101000
+138 0 -137 0 *
Ed
 1e-07 1 1 0
1  32 0 0 0.560597972649336
2  13 4 0 0 0.560597972649336
0

0101000
+137 0 -136 0 *
Ed
 1e-07 1 1 0
1  33 0 0 0.370036402986427
2  14 4 0 0 0.370036402986427
0

0101000
+136 0 -139 0 *
Ed
 1e-07 1 1 0
1  34 0 0 0.336833674203923
0

0101000
+135 0 -134 0 *
Ed
 1e-07 1 1 0
1  35 0 0 0.322479180202823
0

0101000
+134 0 -133 0 *
Ed
 1e-07 1 1 0
1  36 0 0 0.317902836300761
0

0101000
+133 0 -132 0 *
Ed
 1e-07 1 1 0
1  37 0 0 0.244840983672687
0

0101000
+132 0 -135 0 *
Ed
 1e-07 1 1 0
1  38 0 0 0.279988658788095
0

0101000
+131 0 -130 0 *
Ed
 1e-07 1 1 0
1  39 0 0 0.255046189888773
0

0101000
+130 0 -129 0 *
Ed
 1e-07 1 1 0
1  40 0 0 0.396803512952136
0

0101000
+129 0 -128 0 *
Ed
 1e-07 1 1 0
1  41 0 0 0.0968682806126549
0

0101000
+128 0 -131 0 *
Ed
 1e-07 1 1 0
1  42 0 0 0.203036930514619
0

0101000
+127 0 -126 0 *
Ed
 1e-07 1 1 0
1  43 0 0 0.30206241460161
0

0101000
+126 0 -125 0 *
Ed
 1e-07 1 1 0
1  44 0 0 0.246464372624584
0

0101000
+125 0 -124 0 *
Ed
 1e-07 1 1 0
1  45 0 0 0.204309432111475
0

0101000
+124 0 -127 0 *
Ed
 1e-07 1 1 0
1  46 0 0 0.15796720626463
0

0101000
+123 0 -122 0 *
Ed
 1e-07 1 1 0
1  47 0 0 0.149038392267836
0

0101000
+122 0 -121 0 *
Ed
 1e-07 1 1 0
1  48 0 0 0.148883495807687
0

0101000
+121 0 -120 0 *
Ed
 1e-07 1 1 0
1  49 0 0 0.283477854358407
0

0101000
+120 0 -123 0 *
Ed
 1e-07 1 1 0
1  50 0 0 0.220675974574527
0

0101000
+119 0 -118 0 *
Ed
 1e-07 1 1 0
1  51 0 0 0.344727364483503
0

0101000
+118 0 -117 0 *
Ed
 1e-07 1 1 0
1  52 0 0 0.566693179474262
0

0101000
+117 0 -116 0 *
Ed
 1e-07 1 1 0
1  53 0 0 0.542719860570432
0

0101000
+116 0 -119 0 *
Ed
 1e-07 1 1 0
1  54 0 0 0.150643041589727
2  15 3 0 0 0.150643041589727
0

0101000
+115 0 -145 0 *
Ed
 1e-07 1 1 0
1  55 0 0 0.259852072658739
2  16 3 0 0 0.259852072658739
0

0101000
+114 0 -115 0 *
Ed
 1e-07 1 1 0
1  56 0 0.0791893035877893 0.223982927723247
2  17 3 0 0.0791893035877893 0.223982927723247
0

0101000
+144 0 -114 0 *
Ed
 1e-07 1 1 0
1  57 0 0 0.360436879477396
2  18 3 0 0 0.360436879477396
0

0101000
+113 0 -112 0 *
Ed
 1e-07 1 1 0
1  54 0 0.150643041589727 0.389581375958913
2  15 3 0 0.150643041589727 0.389581375958913
0

0101000
+145 0 -113 0 *
Ed
 1e-07 1 1 0
1  56 0 0 0.0791893035877893
2  17 3 0 0 0.0791893035877893
0

0101000
+112 0 -144 0 *
Ed
 1e-07 1 1 0
1  58 0 0 0.135462937789461
0

0101000
+111 0 -110 0 *
Ed
 1e-07 1 1 0
1  59 0 0 0.396252560155831
0

0101000
+110 0 -109 0 *
Ed
 1e-07 1 1 0
1  60 0 0 0.324726212024381
0

0101000
+109 0 -108 0 *
Ed
 1e-07 1 1 0
1  61 0 0 0.252641444707234
0

0101000
+108 0 -111 0 *
Ed
 1e-07 1 1 0
1  62 0 0 0.24222455048386
0

0101000
+107 0 -106 0 *
Ed
 1e-07 1 1 0
1  63 0 0 0.50044604424298
0

0101000
+106 0 -105 0 *
Ed
 1e-07 1 1 0
1  64 0 0 0.30977472438605
0

0101000
+105 0 -104 0 *
Ed
 1e-07 1 1 0
1  65 0 0 0.405851274375806
0

0101000
+104 0 -107 0 *
Wi

0101100
+103 0 +102 0 +101 0 +100 0 *
Wi

0101100
+99 0 +98 0 +97 0 +96 0 *
Wi

0101100
+95 0 +94 0 +93 0 +92 0 *
Wi

0101100
+91 0 +90 0 +89 0 +88 0 *
Wi

0101100
+87 0 +86 0 +85 0 +84 0 *
Wi

0101100
+83 0 +82 0 +81 0 +80 0 *
Wi

0101000
i79 0 *
Wi

0101100
+78 0 +77 0 +76 0 +75 0 *
Wi

0101100
+74 0 +73 0 +72 0 +71 0 *
Wi

0101100
+70 0 +69 0 +68 0 +67 0 *
Wi

0101100
+66 0 +65 0 +64 0 +63 0 *
Wi

0101100
+62 0 +61 0 +60 0 +59 0 *
Wi

0101100
+58 0 +57 0 +56 0 +55 0 *
Wi

0101100
+54 0 +53 0 +52 0 +51 0 *
Wi

0101100
+79 0 +50 0 +49 0 +48 0 *
Wi

0101100
+47 0 +46 0 -79 0 +45 0 *
Wi

0101100
+44 0 +43 0 +42 0 +41 0 *
Wi

0101100
+40 0 +39 0 +38 0 +37 0 *
Fa
0  1e-07 1 0

0101000
+36 0 *
Fa
0  1e-07 5 0

0101000
+35 0 *
Fa
0  1e-07 6 0

0101000
+34 0 *
Fa
0  1e-07 7 0

0101000
+33 0 *
Fa
0  1e-07 8 0

0101000
+32 0 *
Fa
0  1e-07 2 0

0101000
+31 0 +30 0 *
Fa
0  1e-07 9 0

0101000
+29 0 *
Fa
0  1e-07 4 0

0101000
+28 0 *
Fa
0  1e-07 10 0

0101000
+27 0 *
Fa
0  1e-07 11 0

0101000
+26 0 *
Fa
0  1e-07 12 0

0101000
+25 0 *
Fa
0  1e-07 13 0

0101000
+24 0 *
Fa
0  1e-07 14 0

0101000
+23 0 *
Fa
0  1e-07 3 0

0101000
+22 0 *
Fa
0  1e-07 3 0

0101000
+21 0 *
Fa
0  1e-07 15 0

0101000
+20 0 *
Fa
0  1e-07 16 0

0101000
+19 0 *
Co

1100000
+169 0 -168 0 -167 0 -166 0 +165 0 -164 0 -163 0 -162 0 +161 0 -160 0 
-159 0 -158 0 +157 0 -156 0 -155 0 -154 0 +153 0 -152 0 -151 0 -150 0 
+149 0 -148 0 +147 0 -146 0 i145 0 i144 0 +143 0 -142 0 -141 0 -140 0 
+139 0 -138 0 -137 0 -136 0 +135 0 -134 0 -133 0 -132 0 +131 0 -130 0 
-129 0 -128 0 +127 0 -126 0 -125 0 -124 0 +123 0 -122 0 -121 0 -120 0 
+119 0 -118 0 -117 0 -116 0 +115 0 +114 0 +113 0 -112 0 +111 0 -110 0 
-109 0 -108 0 +107 0 -106 0 -105 0 -104 0 +103 0 +102 0 +101 0 +100 0 
+99 0 +98 0 +97 0 +96 0 +95 0 +94 0 +93 0 +92 0 +91 0 +90 0 
+89 0 +88 0 +87 0 +86 0 +85 0 +84 0 +83 0 +82 0 +81 0 +80 0 
i79 0 +78 0 +77 0 +76 0 +75 0 +74 0 +73 0 +72 0 +71 0 +70 0 
+69 0 +68 0 +67 0 +66 0 +65 0 +64 0 +63 0 +62 0 +61 0 +60 0 
+59 0 +58 0 +57 0 +56 0 +55 0 +54 0 +53 0 +52 0 +51 0 +50 0 
+49 0 +48 0 +47 0 +46 0 +45 0 +44 0 +43 0 +42 0 +41 0 +40 0 
+39 0 +38 0 +37 0 +36 0 +35 0 +34 0 +33 0 +32 0 +31 0 +30 0 
+29 0 +28 0 +27 0 +26 0 +25 0 +24 0 +23 0 +22 0 +21 0 +20 0 
+19 0 +18 0 +17 0 +16 0 +15 0 +14 0 +13 0 +12 0 +11 0 +10 0 
+9 0 +8 0 +7 0 +6 0 +5 0 +4 0 +3 0 +2 0 *

+1 0 