DBRep_DrawableShape

CASCADE Topology V3, (c) Open Cascade
Locations 0
Curve2ds 46
1 -0.17387786552089471 -0.10228898034740552 0.99925093749006222 0.038698371092749199 
1 0.35015620808696329 -0.081994513477392075 -0.89309612116989689 0.4498658892951154 
1 -0.1901186132308671 0.19015000399909668 -0.60865405778002657 -0.79343571759022058 
1 -0.30780441641331441 0.036735895434994163 0.69377806847781842 -0.72018885835535362 
1 0.33439914808838955 0.055450111245890575 -0.95235780712040352 0.30498296217463772 
1 -0.0064595690316461051 0.16460667031757209 -0.89075618204856932 -0.45448148932850518 
1 -0.37716353949371073 -0.024533855441252115 0.97695883423931673 -0.21342782433824159 
1 0.23008289569701246 -0.15719378025867936 0.44042629051897525 0.89778877394390222 
1 -0.30633227207388847 -0.0090782335396977047 0.47296805180824653 -0.88107957754604205 
1 -0.18042635793170647 -0.24362500518489369 0.87751967111029283 0.47954064146272668 
1 0.3557057738341346 0.049356627979494645 -0.9043777708963282 0.42673275888849777 
1 -0.0033672434439894513 0.21878606801719783 -0.79918823833257679 -0.60108082627120318 
1 0.10580588437007744 -0.15801563524249476 0.55478107653178821 0.83199636845495317 
1 -0.25685752736521278 -0.033267964832172814 0.94562075152177005 -0.32527126262767636 
1 0.080926511930577552 0.18477734476454324 -0.84016051403642278 -0.5423378196788915 
1 0.21418208110131126 0.0045144255718264567 -0.5944422932969512 0.80413827165473328 
8 -0.047605059074845212 0.15124673888034879
1 0.098613881211748675 -0.12498381390219372 -0.72009828296929301 0.69387207961170783 
8 -0.047605059074845212 0.15124673888034879
1 -0.1578452007845873 -0.011456622234557352 -0.99995863337978419 0.0090956873975795039 
1 0.084440958987509418 -0.063579760325172971 -0.0867696304784141 0.99622840314188976 
1 0.066941507483805937 0.13733674158076026 -0.77344525617395554 -0.63386310485940445 
1 -0.13745918315032679 -0.030176156541687024 0.87382982199769677 -0.48623188108912996 
1 0.025009601804386453 -0.12057991816451223 0.72171451310791324 0.69219084187051172 
1 0.21143455611304479 -0.15632303496161201 -0.69012306173239901 0.72369203371675961 
1 0.015794838889751157 0.048832991092183392 -0.80513890897201168 0.59308628146278919 
1 -0.18579174368088106 0.19732691595076179 0.51433804834806596 -0.85758753023904366 
1 0.0081602170060000694 -0.12606114270968186 0.98909939919025536 -0.1472493752838232 
1 0.037464658241276094 -0.35244595424053166 0.39100339583732369 0.92038923529324346 
1 0.16539871913102003 -0.051299893301306472 -0.40043366258064556 0.91632575095991364 
1 -0.025112577881967815 0.38465348328729515 -0.20571809858761961 -0.97861129357549026 
1 -0.15018997010421686 -0.21034593309866997 0.79722008916024001 -0.6036887686874246 
1 0.33029852773566004 -0.17752973876859698 -0.14254599304888757 0.98978817929176466 
1 0.27012873599114845 0.24026768468293203 -0.9958467476346029 -0.091045347083658301 
1 -0.42653645353021791 0.17657502902910396 0.66004596213949884 -0.75122521780311879 
1 0.048574754336166717 -0.36416840564506286 0.83365453329197625 0.55228626555594984 
1 0.088197513939852284 -0.24277038355318623 0.49868673285542653 0.8667822924321773 
1 0.17020787561411876 -0.10022572653336367 -0.34071049826262501 0.94016825960762673 
1 0.026243349791529955 0.29703493428586936 -0.50129333030779688 -0.86527741042333839 
1 -0.20931304860940256 -0.10955661220819535 0.91268447628078819 -0.40866495660389518 
1 -0.28043779065841395 -0.21081643929663693 0.88946401079324766 -0.45700522262178755 
1 -0.015424277504292074 -0.34697996936321046 0.56793695614861273 0.82307205871700506 
1 0.33782073118336003 0.16495378205826308 -0.95423173482507095 0.29906821337737571 
1 -0.11905624749171261 0.30814476676247188 -0.29694399187571741 -0.95489489771854685 
1 0.28148599119691142 -0.14035728439041878 -0.45867905607111015 0.8886020051303708 
1 0.0022789686319921736 -0.18682074306784766 0.9864345965146939 0.16415476477669871 
1 0.045430542680011676 0.31695451587095319 -0.61571545725257937 -0.7879685753253407 
1 -0.30908568309852991 -0.13674149267644956 0.9873112366801895 -0.1587971093094423 
Curves 65
1 0.23800538926506268 0.1308710604051436 0.46102291186521283 0.45770500585642654 0.88483145450699086 -0.087059891620720101 
1 0.31564287278257602 0.28095918831740974 0.4462555162408347 -0.57146255096721688 0.81082927280608441 0.12643750710448784 
1 0.17574679282681033 0.47945309940041714 0.47720787098981954 -0.30477022023504091 -0.95085839323605226 0.054620773250088968 
1 0.087637970439940011 0.20456071253896699 0.49299869203924529 0.88203070351754165 -0.43225145594305997 -0.18756470053678936 
1 0.1729699904820251 0.097650515267876575 0.36625038899444795 0.99841564958329976 0.038698039709592943 0.040849141848909649 
1 0.69656601664054518 0.11794480835164796 0.38767277790932675 -0.89226729018706719 0.44986203698882776 -0.038512732160813946 
1 0.15679259321319539 0.39008699539130931 0.36437465915880657 -0.6082760287903668 -0.79342892321554925 -0.021698308782824378 
1 0.03917988351415741 0.23667420054791577 0.36017920056592173 0.69307124968945699 -0.72018269121058154 0.031450502930455197 
1 0.32410427198501812 0.65057426163106702 -0.038841286177568511 -0.67029187146740654 0.67713166965861882 -0.30364701380065101 
1 0.084199872928117481 0.89292669526004298 -0.14751969549766394 -0.6746101793483571 0.58322662237381306 0.45249067711281238 
1 -0.19655110813543641 1.1356467896588522 0.04079231847794202 0.69401499013415047 -0.68788803634919848 0.2124929243921754 
1 0.2348264627076887 0.70807753776847737 0.17287113932290682 0.37693354069269641 -0.24278052576955311 -0.89385609703571789 
1 0.62337733215361779 0.43703751687890025 0.91788439020599966 -0.3380775336998213 0.33090978578246266 -0.88102343605652778 
1 0.53337979263974866 0.52512697433431854 0.68335256364119878 -0.61020132464798926 0.63065396310746957 0.47951008562352626 
1 0.16056930444187423 0.91043326976993066 0.9763155283155831 0.63630436724845263 -0.64268118887369807 0.42670556791356307 
1 0.41320679334068178 0.65526393560102991 1.1457341724826593 0.55440663703963433 -0.57565715727942124 -0.60104252601573793 
1 0.75225583342958924 0.67748701291942282 0.79198797650739006 0.55473187785079836 0.83199633351669056 0.0073922060922845517 
1 0.38962208543326698 0.80223467809117999 0.78734940640250473 0.94554340529320624 -0.32527124896846676 0.012094763371855348 
1 0.7273772474186726 1.0202799785314567 0.79176661686043404 -0.84008868833386041 -0.54233779690434358 -0.010986800373037054 
1 0.86062241922390503 0.84001706690857247 0.79343204014911262 -0.5943959114921884 0.80413823788632366 -0.0074293183031157997 
1 0.7450643043836207 0.71051883287260909 0.79190484379268522 -0.72004104987359818 0.69387205047373801 -0.0090809728717093138 
1 0.10353293137481896 0.80358037625425149 0.58037890575439466 -0.39077003610140715 0.46792504767883303 -0.79268211071025607 
1 0.0090940269782813637 0.91666563039338655 0.38880835746705134 -0.15561551674130514 0.41338428302983604 0.89716065757100882 
1 -0.072329847454800436 1.1329637904925889 0.85823645987024266 0.48217725427019892 -0.65066312274022309 0.58663668157590798 
1 0.10837706165997478 0.88911296438235288 1.0780919187540958 -0.009591725428435097 -0.16936065964662356 -0.98550746611447149 
1 0.41166847571371373 0.69665618933323881 0.35588084716009871 -0.053658222584632195 0.070423067455602853 -0.99607298262687649 
1 0.40084683848053121 0.71085891264652912 0.15499569002018743 -0.58905767453963609 0.50135214557334062 0.633764216562409 
1 0.24517480540756892 0.84335274331920318 0.32248245463668823 0.65151313774653585 -0.58239415442519715 0.48615602457958212 
1 0.36630885829411758 0.73506979365072778 0.41287211246650146 0.55083201448479624 -0.46648195583508295 -0.69208285392639002 
1 0.82630525224894824 0.81007057393526694 0.2934032201282597 -0.53473746854187643 0.43628199072109358 -0.72368077514181983 
1 0.67471506067989984 0.93375008854245611 0.088250385714534973 -0.62296458341084193 0.51007326430387467 -0.59307705473921835 
1 0.51874035863417545 1.0614596366289457 -0.060241229003951791 0.39966175179179547 -0.32378541527360172 0.85757418863373824 
1 0.66944898425604626 0.93936325208997129 0.26314179866468407 0.76323672290630151 -0.62911684201896989 0.14724708450535776 
1 1.1102646285550055 -0.075882764345638593 0.11201271204049476 0.47961790280448513 0.87698661796507338 -0.029345173702158323 
1 1.2378188191210651 0.1573514780329279 0.10420837476135636 -0.88280683846457908 0.46841639140472469 0.035187643051931214 
1 0.67386388969034527 0.45658537773662067 0.12668695545370726 -0.12157176380966016 -0.99247817655144355 0.014400531703032345 
1 0.60464054821519841 -0.10853479136462355 0.13488666311825523 0.99690599513165457 0.064377870346979532 -0.045099076267179752 
1 0.15908879344818835 -0.13882135833866766 0.75542209144448735 0.39094185454083147 0.92038916321994724 0.0069465527753376256 
1 0.28700271837989078 0.16232467901858982 0.75769496353510113 -0.40035688217982346 0.91632567920481867 -0.0078496191677642213 
1 0.096527950597866063 0.59827802146881215 0.75396040955412158 -0.20568937797507986 -0.9786112169429757 -0.0034591706538920192 
1 -0.028531979381905714 0.0032786516757095652 0.75185722054153081 0.79707625952362071 -0.60368872141412144 0.015144772735726755 
1 0.54893336005719062 -0.033915996889419792 0.18120209664665277 0.70232415819324123 0.7100191700300359 0.051122940134679336 
1 0.61472154838156134 0.032592999457815519 0.18599089050208273 -0.8518940315095902 0.52020931029384965 -0.060488284501500532 
1 0.38893986190534585 0.17046664459961977 0.16995938143915279 -0.29673547034408865 -0.95469881750849817 -0.022321032403271168 
1 0.33421689138669108 -0.0055957424959675595 0.16584301073114896 0.9889298791163621 -0.13043594619116078 0.070740074442384226 
1 0.55774213994937583 0.32060438371479022 0.20569264064186293 -0.11776568633240662 0.080917919616468562 -0.98973912391478192 
1 0.50803231177595121 0.35476047795205323 -0.21208407614682778 -0.85816925573533609 0.50522974469086324 0.091040834740596238 
1 -0.092317740687777872 0.70820439557585124 -0.14839457719591809 0.56468791298950127 -0.3418247660277916 0.75118798596197411 
1 0.31415328072161847 0.46215368580454508 0.39232205742790061 0.7208087351104826 -0.41886141147239014 -0.55225889342570411 
1 1.0152076368708882 0.35617012704284584 0.017305842758836405 0.49867696803723599 0.86678229185743494 0.0031209087718096452 
1 1.0972163926947907 0.4987147839681505 0.017819084520178191 -0.34070347402461409 0.94016825898422407 -0.0021880553311743349 
1 0.95325483490840757 0.8959754445239696 0.016894539048781264 -0.50128351306023111 -0.86527740984959389 -0.0031374413096032444 
1 0.71770304960591258 0.4893838982995059 0.015420263748468235 0.91266614567377957 -0.40866495633291933 0.0057844624971222901 
1 0.6774954269468183 0.19284511948560762 0.73140783171937407 -0.59230497743393251 0.66404569415084813 -0.45630924797412015 
1 0.50101968310143175 0.39069582526609126 0.59545166550811834 -0.33115510059401004 0.46362753199745821 0.82181859976792748 
1 0.29504807811983691 0.67906253532998417 1.1066057914578509 0.62736649997084382 -0.71919517058577154 0.29861276148288801 
1 0.59542512550568905 0.33471880348463057 1.2495787101746363 0.15101034756619439 -0.26104929499445123 -0.95344068536581628 
1 1.0564885372233646 0.4005501909970175 0.92059697722003286 -0.29540577570087834 0.35450617529301998 -0.88716447142662158 
1 0.85350736663241578 0.59228486481310394 0.96698526975170029 0.7171297028011081 -0.67739598333230189 -0.16388920381055741 
1 0.90446035552512982 0.58299391303570358 0.46402499199644204 -0.47465148055872425 0.39473886605127029 0.78669384110463725 
1 0.63116584997750125 0.8102763879390269 0.91698703494419742 0.7050263302332137 -0.69123286502517034 0.15854021567722867 
1 0.63253420330012533 -0.095718039195668528 0.25345391135706774 -0.63418588081547933 0.76484953819551049 0.11319652157380515 
1 0.53678121438045634 0.019763291391313359 0.27054496557931601 -0.76623411204263003 0.62852751913928606 0.13356063501966636 
1 0.41086377627132065 0.12305101213782392 0.29249336585227337 0.47634964267439317 -0.87481283668910848 -0.088280907833649794 
1 0.51671773612074057 -0.071349055784435497 0.27287566734655377 0.96565687535817268 -0.20318420125955219 -0.16193510870718641 
Polygon3D 0
PolygonOnTriangulations 0
Surfaces 16
1 0.34671873810792486 0.19993861969094215 0.37296336229855653 -0.041039546453212533 0.0041384045287132503 0.99914895247649205 0.9991575084947274 -5.4210108624275222e-20 0.041039897887407556 0.00016983969927517685 0.99999143676731395 -0.0041349179580524274 
1 0.078270928411042162 0.8773244224118194 0.016365931218029154 0.68629467205655303 0.72128912679981716 0.093496623827524744 0.72446256501039386 -0.68931414601657559 -6.9388939039072284e-18 0.064448545409103247 0.067734803917900502 -0.99561959669989142 
1 0.40908614233086221 0.65594105129686442 0.92696204528994142 0.71431545632347759 0.69973280254900705 -0.011288662201275659 -0.69977739164867148 0.7143609746741364 1.7347234759768067e-18 0.0080641797328703611 0.0078995505904116275 0.99993628102279875 
1 0.6464581490367235 0.83550264152632159 0.79066993193395718 -0.012889966767789522 -0.0002898043704820926 0.99991687893052006 0.9999169209203187 4.2351647362715008e-22 0.012889967309081624 -3.7355688615431526e-06 0.99999995800671249 0.00028978029380170525 
1 0.85923241464896771 0.60151803316015506 0.78046675548051181 0.6924062040829726 0.71926404788763187 0.056858402753745672 0.72042952096960833 -0.69352815755057906 3.469446951953615e-18 0.039432903303074009 0.040962471858978056 -0.99838225246460233 
1 0.34890386539760537 0.7531552198091378 0.29231100584452535 0.65899014383137478 0.75194414475835358 0.017663337644176255 0.75206147305485183 -0.6590929682120471 0 0.011641781636431715 0.01328391572774441 -0.99984399108224276 
1 0.66270878163231128 0.94401655801331541 0.13708261710526509 0.63668060987913644 0.7711074419140318 -0.0055779950456367779 0.77111943832352547 -0.63669051495967077 -4.3368086899420177e-19 -0.0035514565380489718 -0.004301300406562839 -0.99998444286462318 
1 0.1216332923238292 0.21362456830273457 0.75458214676716429 -0.018697353697367112 0.00039574589223948198 0.99982511088185033 0.99982518917557006 -8.4703294725430034e-22 0.018697355161508541 7.3994015009096835e-06 0.99999992169259144 -0.00039567671157379487 
1 0.27415879448963515 0.48995823682931378 0.028171700511644512 0.5080956201832465 0.86124312492285093 0.0099559290739142207 0.8612858115310148 -0.50812080340738019 0 0.0050588146797041888 0.0085749004519714341 -0.99995043850996712 
1 0.92701194111066554 0.59894051043505692 0.016739457112235543 -0.0063215501626249157 3.6416362499616145e-05 0.99998001813905768 0.99998001880212006 0 0.0063215501668165818 2.3020786243430155e-07 0.99999999933692429 -3.6415634857070976e-05 
1 0.50572330957689127 0.41482475266969837 0.94190321801749111 0.76366447808873616 0.6432519553316377 -0.055167806440742165 -0.64423305982373569 0.76482923886979304 6.9388939039072268e-18 0.042193951410188904 0.035540924747082911 0.99847709694940778 
1 0.19786230305410385 0.29229786528179724 0.47087214074657163 0.20373874811876486 -0.0090662055048539528 0.9789833126426325 0.97902354941957537 2.1684043449710089e-19 -0.20374712189843691 0.0018472132781537575 0.99995890111431263 0.0088760286931294091 
1 0.034857842096710001 0.942674842364153 0.74480690581231968 0.84033717859664747 0.53280844656221804 -0.09974259641789178 -0.53547873254296297 0.844548712031569 1.3877787807814457e-17 0.084237481339415096 0.053410039110396941 0.99501327350936253 
1 0.86896258739770083 0.13084597638190432 0.12091935608204482 0.044609007035469238 0.0090303374814315208 0.99896370779737587 0.99900444153293488 0 -0.044610826011956518 -0.00040285081421339122 0.99995922567121287 -0.0090213472524914261 
1 0.46045700560152975 0.049668365129523259 0.17495244380210098 -0.071493796911493615 -0.0010989381013515693 0.99744043899283907 0.99744104128031397 0 0.071493840081809076 -7.8567304877835998e-05 0.99999939616734257 0.0010961259641147204 
1 0.51427312147673987 0.0026258862312479717 0.27408224263836045 0.16318561744560883 -0.01069829397158375 0.98653737930450103 0.9865938404761444 4.3368086899420177e-19 -0.16319495682934593 0.0017459076228402617 0.99994277161550482 0.010554870935967598 
Triangulations 0

TShapes 168
Ve
1e-07
0.238005389265063 0.130871060405144 0.461022911865213
0 0

0101101
*
Ve
1e-07
0.315642872782576 0.28095918831741 0.446255516240835
0 0

0101101
*
Ve
1e-07
0.17574679282681 0.479453099400417 0.47720787098982
0 0

0101101
*
Ve
1e-07
0.08763797043994 0.204560712538967 0.492998692039245
0 0

0101101
*
Ve
1e-07
0.172969990482025 0.0976505152678766 0.366250388994448
0 0

0101101
*
Ve
1e-07
0.696566016640545 0.117944808351648 0.387672777909327
0 0

0101101
*
Ve
1e-07
0.156792593213195 0.390086995391309 0.364374659158807
0 0

0101101
*
Ve
1e-07
0.0391798835141574 0.236674200547916 0.360179200565922
0 0

0101101
*
Ve
1e-07
0.324104271985018 0.650574261631067 -0.0388412861775685
0 0

0101101
*
Ve
1e-07
0.0841998729281175 0.892926695260043 -0.147519695497664
0 0

0101101
*
Ve
1e-07
-0.196551108135436 1.13564678965885 0.040792318477942
0 0

0101101
*
Ve
1e-07
0.234826462707689 0.708077537768477 0.172871139322907
0 0

0101101
*
Ve
1e-07
0.623377332153618 0.4370375168789 0.917884390206
0 0

0101101
*
Ve
1e-07
0.533379792639749 0.525126974334319 0.683352563641199
0 0

0101101
*
Ve
1e-07
0.160569304441874 0.910433269769931 0.976315528315583
0 0

0101101
*
Ve
1e-07
0.413206793340682 0.65526393560103 1.14573417248266
0 0

0101101
*
Ve
1e-07
0.752255833429589 0.677487012919423 0.79198797650739
0 0

0101101
*
Ve
1.50000000111022e-07
0.76285130370799 0.693378279990045 0.792129168861877
0 0

0101101
*
Ve
1e-07
0.389622085433267 0.80223467809118 0.787349406402505
0 0

0101101
*
Ve
1e-07
0.860622419223905 0.840017066908572 0.793432040149113
0 0

0101101
*
Ve
1e-07
0.727377247418673 1.02027997853146 0.791766616860434
0 0

0101101
*
Ve
1.50000000157009e-07
0.706924368386523 0.747272620173887 0.791423832711193
0 0

0101101
*
Ve
1e-07
0.103532931374819 0.803580376254251 0.580378905754395
0 0

0101101
*
Ve
1e-07
0.00909402697828136 0.916665630393387 0.388808357467051
0 0

0101101
*
Ve
1e-07
-0.0723298474548004 1.13296379049259 0.858236459870243
0 0

0101101
*
Ve
1e-07
0.108377061659975 0.889112964382353 1.0780919187541
0 0

0101101
*
Ve
1e-07
0.411668475713714 0.696656189333239 0.355880847160099
0 0

0101101
*
Ve
1e-07
0.400846838480531 0.710858912646529 0.154995690020187
0 0

0101101
*
Ve
1e-07
0.245174805407569 0.843352743319203 0.322482454636688
0 0

0101101
*
Ve
1e-07
0.366308858294118 0.735069793650728 0.412872112466501
0 0

0101101
*
Ve
1e-07
0.826305252248948 0.810070573935267 0.29340322012826
0 0

0101101
*
Ve
1e-07
0.6747150606799 0.933750088542456 0.088250385714535
0 0

0101101
*
Ve
1e-07
0.518740358634175 1.06145963662895 -0.0602412290039518
0 0

0101101
*
Ve
1e-07
0.669448984256046 0.939363252089971 0.263141798664684
0 0

0101101
*
Ve
1e-07
1.11026462855501 -0.0758827643456386 0.112012712040495
0 0

0101101
*
Ve
1e-07
1.23781881912107 0.157351478032928 0.104208374761356
0 0

0101101
*
Ve
1e-07
0.673863889690345 0.456585377736621 0.126686955453707
0 0

0101101
*
Ve
1e-07
0.604640548215198 -0.108534791364624 0.134886663118255
0 0

0101101
*
Ve
1e-07
0.159088793448188 -0.138821358338668 0.755422091444487
0 0

0101101
*
Ve
1e-07
0.287002718379891 0.16232467901859 0.757694963535101
0 0

0101101
*
Ve
1e-07
0.0965279505978661 0.598278021468812 0.753960409554122
0 0

0101101
*
Ve
1e-07
-0.0285319793819057 0.00327865167570957 0.751857220541531
0 0

0101101
*
Ve
1e-07
0.548933360057191 -0.0339159968894198 0.181202096646653
0 0

0101101
*
Ve
1e-07
0.614721548381561 0.0325929994578155 0.185990890502083
0 0

0101101
*
Ve
1e-07
0.388939861905346 0.17046664459962 0.169959381439153
0 0

0101101
*
Ve
1e-07
0.334216891386691 -0.00559574249596756 0.165843010731149
0 0

0101101
*
Ve
1e-07
0.557742139949376 0.32060438371479 0.205692640641863
0 0

0101101
*
Ve
1e-07
0.508032311775951 0.354760477952053 -0.212084076146828
0 0

0101101
*
Ve
1e-07
-0.0923177406877779 0.708204395575851 -0.148394577195918
0 0

0101101
*
Ve
1e-07
0.314153280721618 0.462153685804545 0.392322057427901
0 0

0101101
*
Ve
1e-07
1.01520763687089 0.356170127042846 0.0173058427588364
0 0

0101101
*
Ve
1e-07
1.09721639269479 0.49871478396815 0.0178190845201782
0 0

0101101
*
Ve
1e-07
0.953254834908408 0.89597544452397 0.0168945390487813
0 0

0101101
*
Ve
1e-07
0.717703049605913 0.489383898299506 0.0154202637484682
0 0

0101101
*
Ve
1e-07
0.677495426946818 0.192845119485608 0.731407831719374
0 0

0101101
*
Ve
1e-07
0.501019683101432 0.390695825266091 0.595451665508118
0 0

0101101
*
Ve
1e-07
0.295048078119837 0.679062535329984 1.10660579145785
0 0

0101101
*
Ve
1e-07
0.595425125505689 0.334718803484631 1.24957871017464
0 0

0101101
*
Ve
1e-07
1.05648853722336 0.400550190997017 0.920596977220033
0 0

0101101
*
Ve
1e-07
0.90446035552513 0.582993913035704 0.464024991996442
0 0

0101101
*
Ve
1e-07
0.853507366632416 0.592284864813104 0.9669852697517
0 0

0101101
*
Ve
1e-07
0.631165849977501 0.810276387939027 0.916987034944197
0 0

0101101
*
Ve
1e-07
0.632534203300125 -0.0957180391956685 0.253453911357068
0 0

0101101
*
Ve
1e-07
0.536781214380456 0.0197632913913134 0.270544965579316
0 0

0101101
*
Ve
1e-07
0.410863776271321 0.123051012137824 0.292493365852273
0 0

0101101
*
Ve
1e-07
0.516717736120741 -0.0713490557844355 0.272875667346554
0 0

0101101
*
Ed
 1e-07 1 1 0
1  1 0 0 0.169623409235482
0

0101000
+168 0 -167 0 *
Ed
 1e-07 1 1 0
1  2 0 0 0.244803582875181
0

0101000
+167 0 -166 0 *
Ed
 1e-07 1 1 0
1  3 0 0 0.289099185343372
0

0101000
+166 0 -165 0 *
Ed
 1e-07 1 1 0
1  4 0 0 0.170478667267995
0

0101000
+165 0 -168 0 *
Ed
 1e-07 1 1 0
1  5 0 0 0.524426902139454
2  1 1 0 0 0.524426902139454
0

0101000
+164 0 -163 0 *
Ed
 1e-07 1 1 0
1  6 0 0 0.604945882656064
2  2 1 0 0 0.604945882656064
0

0101000
+163 0 -162 0 *
Ed
 1e-07 1 1 0
1  7 0 0 0.193354174967121
2  3 1 0 0 0.193354174967121
0

0101000
+162 0 -161 0 *
Ed
 1e-07 1 1 0
1  8 0 0 0.19303947036876
2  4 1 0 0 0.19303947036876
0

0101000
+161 0 -164 0 *
Ed
 1e-07 1 1 0
1  9 0 0 0.357910351100783
2  5 2 0 0 0.357910351100783
0

0101000
+160 0 -159 0 *
Ed
 1e-07 1 1 0
1  10 0 0 0.416167721238281
2  6 2 0 0 0.416167721238281
0

0101000
+159 0 -158 0 *
Ed
 1e-07 1 1 0
1  11 0 0 0.621568088550568
2  7 2 0 0 0.621568088550568
0

0101000
+158 0 -157 0 *
Ed
 1e-07 1 1 0
1  12 0 0 0.236852918722123
2  8 2 0 0 0.236852918722123
0

0101000
+157 0 -160 0 *
Ed
 1e-07 1 1 0
1  13 0 0 0.266203845398901
2  9 3 0 0 0.266203845398901
0

0101000
+156 0 -155 0 *
Ed
 1e-07 1 1 0
1  14 0 0 0.610963092243269
2  10 3 0 0 0.610963092243269
0

0101000
+155 0 -154 0 *
Ed
 1e-07 1 1 0
1  15 0 0 0.397038747339231
2  11 3 0 0 0.397038747339231
0

0101000
+154 0 -153 0 *
Ed
 1e-07 1 1 0
1  16 0 0 0.379090950164637
2  12 3 0 0 0.379090950164637
0

0101000
+153 0 -156 0 *
Ed
 1e-07 1 1 0
1  17 0 0 0.019100164784925
2  13 4 0 0 0.019100164784925
0

0101000
+152 0 -151 0 *
Ed
 1e-07 1 1 0
1  18 0 0 0.383518880218801
2  14 4 0 0 0.383518880218801
0

0101000
+150 0 -152 0 *
Ed
 1e-07 1 1 0
1  17 0 0.019100164784925 0.195349483455253
2  13 4 0 0.019100164784925 0.195349483455253
0

0101000
+151 0 -149 0 *
Ed
 1e-07 1 1 0
1  19 0 0 0.402047029885942
2  15 4 0 0 0.402047029885942
0

0101000
+148 0 -150 0 *
Ed
 1e-07 1 1 0
1  20 0 0 0.22416905841551
2  16 4 0 0 0.22416905841551
0

0101000
+149 0 -148 0 *
Ed
 1.5e-07 1 1 0
1  21 0 -0.0247027573323662 0.0529691133634572
2  17 4 0 -0.0247027573323662 0.0529691133634572
2  18 5 0 -0.0247027573323662 0.0529691133634572
0

0101000
+151 0 -147 0 *
Ed
 1e-07 1 1 0
1  22 0 0 0.241673863581572
0

0101000
+146 0 -145 0 *
Ed
 1e-07 1 1 0
1  23 0 0 0.523237503162623
0

0101000
+145 0 -144 0 *
Ed
 1e-07 1 1 0
1  24 0 0 0.374772778090258
0

0101000
+144 0 -143 0 *
Ed
 1e-07 1 1 0
1  25 0 0 0.505032209407827
0

0101000
+143 0 -146 0 *
Ed
 1e-07 1 1 0
1  26 0 0 0.201677146799154
2  19 6 0 0 0.201677146799154
0

0101000
+142 0 -141 0 *
Ed
 1e-07 1 1 0
1  27 0 0 0.264272990237542
2  20 6 0 0 0.264272990237542
0

0101000
+141 0 -140 0 *
Ed
 1e-07 1 1 0
1  28 0 0 0.185927260508559
2  21 6 0 0 0.185927260508559
0

0101000
+140 0 -139 0 *
Ed
 1e-07 1 1 0
1  29 0 0 0.0823474602543243
2  22 6 0 0 0.0823474602543243
0

0101000
+139 0 -142 0 *
Ed
 1e-07 1 1 0
1  30 0 0 0.28348526237072
2  23 7 0 0 0.28348526237072
0

0101000
+138 0 -137 0 *
Ed
 1e-07 1 1 0
1  31 0 0 0.250374910868504
2  24 7 0 0 0.250374910868504
0

0101000
+137 0 -136 0 *
Ed
 1e-07 1 1 0
1  32 0 0 0.37709043946838
2  25 7 0 0 0.37709043946838
0

0101000
+136 0 -135 0 *
Ed
 1e-07 1 1 0
1  33 0 0 0.205514571410577
2  26 7 0 0 0.205514571410577
0

0101000
+135 0 -138 0 *
Ed
 1e-07 1 1 0
1  34 0 0 0.265949602423529
0

0101000
+134 0 -133 0 *
Ed
 1e-07 1 1 0
1  35 0 0 0.638820300046132
0

0101000
+133 0 -132 0 *
Ed
 1e-07 1 1 0
1  36 0 0 0.569403118832157
0

0101000
+132 0 -131 0 *
Ed
 1e-07 1 1 0
1  37 0 0 0.507193338999865
0

0101000
+131 0 -134 0 *
Ed
 1e-07 1 1 0
1  38 0 0 0.327194244990575
2  27 8 0 0 0.327194244990575
0

0101000
+130 0 -129 0 *
Ed
 1e-07 1 1 0
1  39 0 0 0.47576244161196
2  28 8 0 0 0.47576244161196
0

0101000
+129 0 -128 0 *
Ed
 1e-07 1 1 0
1  40 0 0 0.60800383185039
2  29 8 0 0 0.60800383185039
0

0101000
+128 0 -127 0 *
Ed
 1e-07 1 1 0
1  41 0 0 0.235386226334513
2  30 8 0 0 0.235386226334513
0

0101000
+127 0 -130 0 *
Ed
 1e-07 1 1 0
1  42 0 0 0.0936721135915553
0

0101000
+126 0 -125 0 *
Ed
 1e-07 1 1 0
1  43 0 0 0.265034943461361
0

0101000
+125 0 -124 0 *
Ed
 1e-07 1 1 0
1  44 0 0 0.184416680807317
0

0101000
+124 0 -123 0 *
Ed
 1e-07 1 1 0
1  45 0 0 0.217120013465823
0

0101000
+123 0 -126 0 *
Ed
 1e-07 1 1 0
1  46 0 0 0.422107913786645
2  31 9 0 0 0.422107913786645
0

0101000
+122 0 -121 0 *
Ed
 1e-07 1 1 0
1  47 0 0 0.699570683115779
2  32 9 0 0 0.699570683115779
0

0101000
+121 0 -120 0 *
Ed
 1e-07 1 1 0
1  48 0 0 0.719815338808135
2  33 9 0 0 0.719815338808135
0

0101000
+120 0 -119 0 *
Ed
 1e-07 1 1 0
1  49 0 0 0.337938273168153
2  34 9 0 0 0.337938273168153
0

0101000
+119 0 -122 0 *
Ed
 1e-07 1 1 0
1  50 0 0 0.164452663909232
2  35 10 0 0 0.164452663909232
0

0101000
+118 0 -117 0 *
Ed
 1e-07 1 1 0
1  51 0 0 0.422542089418151
2  36 10 0 0 0.422542089418151
0

0101000
+117 0 -116 0 *
Ed
 1e-07 1 1 0
1  52 0 0 0.469897331880118
2  37 10 0 0 0.469897331880118
0

0101000
+116 0 -115 0 *
Ed
 1e-07 1 1 0
1  53 0 0 0.325973072054011
2  38 10 0 0 0.325973072054011
0

0101000
+115 0 -118 0 *
Ed
 1e-07 1 1 0
1  54 0 0 0.297947426695517
2  39 11 0 0 0.297947426695517
0

0101000
+114 0 -113 0 *
Ed
 1e-07 1 1 0
1  55 0 0 0.621979261717947
2  40 11 0 0 0.621979261717947
0

0101000
+113 0 -112 0 *
Ed
 1e-07 1 1 0
1  56 0 0 0.478790383929986
2  41 11 0 0 0.478790383929986
0

0101000
+112 0 -111 0 *
Ed
 1e-07 1 1 0
1  57 0 0 0.54347468742269
2  42 11 0 0 0.54347468742269
0

0101000
+111 0 -114 0 *
Ed
 1e-07 1 1 0
1  58 0 0 0.514641872988209
2  43 5 0 0 0.514641872988209
0

0101000
+110 0 -109 0 *
Ed
 1e-07 1 1 0
1  59 0 0 0.2830466647778
2  44 5 0 0 0.2830466647778
0

0101000
+108 0 -110 0 *
Ed
 1e-07 1 1 0
1  60 0 0 0.416170590906157
2  45 5 0 0 0.416170590906157
0

0101000
+109 0 -147 0 *
Ed
 1e-07 1 1 0
1  61 0 0 0.315366259557096
2  46 5 0 0 0.315366259557096
0

0101000
+107 0 -108 0 *
Ed
 1e-07 1 1 0
1  60 0 0.416170590906157 0.575779317544584
2  45 5 0 0.416170590906157 0.575779317544584
0

0101000
+147 0 -107 0 *
Ed
 1e-07 1 1 0
1  62 0 0 0.150985683876379
0

0101000
+106 0 -105 0 *
Ed
 1e-07 1 1 0
1  63 0 0 0.164332853536714
0

0101000
+105 0 -104 0 *
Ed
 1e-07 1 1 0
1  64 0 0 0.22221903905526
0

0101000
+104 0 -103 0 *
Ed
 1e-07 1 1 0
1  65 0 0 0.119935424408828
0

0101000
+103 0 -106 0 *
Wi

0101100
+102 0 +101 0 +100 0 +99 0 *
Wi

0101100
+98 0 +97 0 +96 0 +95 0 *
Wi

0101100
+94 0 +93 0 +92 0 +91 0 *
Wi

0101100
+90 0 +89 0 +88 0 +87 0 *
Wi

0101100
+86 0 +85 0 +84 0 +83 0 +82 0 *
Wi

0101000
i81 0 *
Wi

0101100
+80 0 +79 0 +78 0 +77 0 *
Wi

0101100
+76 0 +75 0 +74 0 +73 0 *
Wi

0101100
+72 0 +71 0 +70 0 +69 0 *
Wi

0101100
+68 0 +67 0 +66 0 +65 0 *
Wi

0101100
+64 0 +63 0 +62 0 +61 0 *
Wi

0101100
+60 0 +59 0 +58 0 +57 0 *
Wi

0101100
+56 0 +55 0 +54 0 +53 0 *
Wi

0101100
+52 0 +51 0 +50 0 +49 0 *
Wi

0101100
+48 0 +47 0 +46 0 +45 0 *
Wi

0101100
+44 0 +43 0 +42 0 +41 0 +40 0 *
Wi

0101000
i81 0 *
Wi

0101100
+39 0 +38 0 +37 0 +36 0 *
Fa
0  1e-07 12 0

0101000
+35 0 *
Fa
0  1e-07 1 0

0101000
+34 0 *
Fa
0  1e-07 2 0

0101000
+33 0 *
Fa
0  1e-07 3 0

0101000
+32 0 *
Fa
0  1e-07 4 0

0101000
+31 0 +30 0 *
Fa
0  1e-07 13 0

0101000
+29 0 *
Fa
0  1e-07 6 0

0101000
+28 0 *
Fa
0  1e-07 7 0

0101000
+27 0 *
Fa
0  1e-07 14 0

0101000
+26 0 *
Fa
0  1e-07 8 0

0101000
+25 0 *
Fa
0  1e-07 15 0

0101000
+24 0 *
Fa
0  1e-07 9 0

0101000
+23 0 *
Fa
0  1e-07 10 0

0101000
+22 0 *
Fa
0  1e-07 11 0

0101000
+21 0 *
Fa
0  1e-07 5 0

0101000
+20 0 +19 0 *
Fa
0  1e-07 16 0

0101000
+18 0 *
Co

1100000
+168 0 -167 0 -166 0 -165 0 +164 0 -163 0 -162 0 -161 0 +160 0 -159 0 
-158 0 -157 0 +156 0 -155 0 -154 0 -153 0 +152 0 -151 0 +150 0 -149 0 
+148 0 i147 0 +146 0 -145 0 -144 0 -143 0 +142 0 -141 0 -140 0 -139 0 
+138 0 -137 0 -136 0 -135 0 +134 0 -133 0 -132 0 -131 0 +130 0 -129 0 
-128 0 -127 0 +126 0 -125 0 -124 0 -123 0 +122 0 -121 0 -120 0 -119 0 
+118 0 -117 0 -116 0 -115 0 +114 0 -113 0 -112 0 -111 0 +110 0 -109 0 
+108 0 +107 0 +106 0 -105 0 -104 0 -103 0 +102 0 +101 0 +100 0 +99 0 
+98 0 +97 0 +96 0 +95 0 +94 0 +93 0 +92 0 +91 0 +90 0 +89 0 
+88 0 +87 0 +86 0 +85 0 +84 0 +83 0 +82 0 i81 0 +80 0 +79 0 
+78 0 +77 0 +76 0 +75 0 +74 0 +73 0 +72 0 +71 0 +70 0 +69 0 
+68 0 +67 0 +66 0 +65 0 +64 0 +63 0 +62 0 +61 0 +60 0 +59 0 
+58 0 +57 0 +56 0 +55 0 +54 0 +53 0 +52 0 +51 0 +50 0 +49 0 
+48 0 +47 0 +46 0 +45 0 +44 0 +43 0 +42 0 +41 0 +40 0 +39 0 
+38 0 +37 0 +36 0 +35 0 +34 0 +33 0 +32 0 +31 0 +30 0 +29 0 
+28 0 +27 0 +26 0 +25 0 +24 0 +23 0 +22 0 +21 0 +20 0 +19 0 
+18 0 +17 0 +16 0 +15 0 +14 0 +13 0 +12 0 +11 0 +10 0 +9 0 
+8 0 +7 0 +6 0 +5 0 +4 0 +3 0 +2 0 *

+1 0 